chr	start	stop	q-value	mean methylation difference	#CpGs	p (MWU)	p (2D KS)	mean g1	mean g2
chr1	1006781	1007317	0.00069498	-0.29456	9	1.9754e-09	8.1059e-07	0.58918	0.88374
chr1	1014012	1014514	0.036113	-0.141499	5	0.00057316	0.00045448	0.53437	0.67587
chr1	1331737	1332366	0.0062017	-0.211767	7	2.0212e-06	3.3716e-05	0.58559	0.79736
chr1	2028003	2028394	0.0039841	-0.232172	6	3.2137e-08	1.2427e-05	0.69858	0.93075
chr1	2134567	2135193	0.023023	0.150576	5	0.00070972	0.00026687	0.75516	0.60459
chr1	2413894	2414037	0.0014937	-0.1796	8	3.5749e-07	2.2677e-06	0.42849	0.60809
chr1	2910845	2911680	0.0045186	-0.249475	8	3.2293e-07	2.3212e-05	0.58874	0.83822
chr1	2923198	2923676	0.0039841	-0.332371	5	4.7106e-08	1.1776e-05	0.53024	0.86261
chr1	2933947	2934387	0.0071508	-0.274906	5	2.0954e-06	4.1727e-05	0.62533	0.90024
chr1	2970089	2970517	0.00080973	-0.22661	6	1.067e-06	1.0247e-06	0.64984	0.87645
chr1	3223735	3224343	0.016444	-0.224044	5	0.0019698	0.00014727	0.63152	0.85556
chr1	3245840	3247147	0.015085	-0.190055	9	0.00061347	0.00010427	0.64508	0.83514
chr1	3595146	3595680	0.0072767	-0.184349	5	1.2124e-05	4.2593e-05	0.67926	0.86361
chr1	3650399	3651682	0.00013535	0.232737	23	1.7524e-11	8.5753e-08	0.38171	0.14897
chr1	5480441	5480891	0.0015328	-0.312568	5	7.2731e-08	2.5035e-06	0.52829	0.84086
chr1	18630268	18631139	0.027322	0.210087	9	3.2978e-05	0.00032142	0.31544	0.10535
chr1	21550829	21551100	0.016444	-0.305733	5	2.24e-05	0.0001474	0.57944	0.88517
chr1	24931014	24931842	8.4152e-10	0.252932	20	4.5408e-14	1.8176e-14	0.58841	0.33548
chr1	26862779	26863840	0.003056	-0.14331	10	5.1481e-08	5.9921e-06	0.47942	0.62273
chr1	37946847	37947147	0.01844	0.263595	6	5.7862e-05	0.00020204	0.39569	0.1321
chr1	43285599	43285893	0.046939	-0.117326	7	0.0018172	0.00062047	0.49626	0.61359
chr1	45326868	45327629	0.0049335	0.221416	9	1.1552e-05	2.5947e-05	0.30571	0.084298
chr1	46543855	46544552	0.028869	0.126317	6	0.00041013	0.00034025	0.30617	0.17985
chr1	47444259	47444785	0.016444	0.196554	5	0.00023614	0.0001326	0.37013	0.17358
chr1	50047973	50048256	0.0059626	0.237694	7	8.2866e-06	3.1896e-05	0.31452	0.076824
chr1	54781194	54781736	0.0063452	0.242117	5	9.2693e-06	3.5199e-05	0.77494	0.53282
chr1	64203442	64203917	0.020905	-0.12563	9	0.001376	0.00023968	0.78228	0.9079
chr1	66751990	66752823	9.3138e-07	0.196767	13	4.6185e-14	1.5088e-10	0.30654	0.10977
chr1	79006597	79006768	1.7738e-05	0.401472	5	1.5036e-09	5.5553e-09	0.63629	0.23482
chr1	90716571	90717495	0.018124	0.187308	11	5.9419e-06	0.00018705	0.36381	0.1765
chr1	90724448	90725445	8.7874e-05	0.288844	9	6.5189e-10	4.782e-08	0.48538	0.19653
chr1	90726026	90727247	8.7013e-08	0.318064	11	6.7613e-14	7.3882e-12	0.47362	0.15555
chr1	90729602	90730932	0.016614	0.242085	9	6.8319e-06	0.00015362	0.49315	0.25107
chr1	90834658	90835003	0.00045227	0.31795	7	2.0177e-09	4.6075e-07	0.5298	0.21185
chr1	90835647	90836406	0.0001642	0.312379	6	5.2249e-09	1.0876e-07	0.51294	0.20056
chr1	110068277	110069423	0.0027753	0.256418	8	7.4909e-08	5.2451e-06	0.42672	0.1703
chr1	114853414	114854009	0.021733	-0.277376	5	3.738e-05	0.00025059	0.61461	0.89198
chr1	115286058	115287236	0.0039841	-0.149172	9	5.0328e-06	1.0735e-05	0.73396	0.88313
chr1	118984160	118984755	0.000348	0.2942	6	3.8021e-08	3.4701e-07	0.51788	0.22368
chr1	118985541	118986226	0.00020603	0.315129	5	4.3748e-09	1.5353e-07	0.57191	0.25678
chr1	118987977	118988471	3.5426e-05	0.35012	5	1.9112e-09	1.2809e-08	0.44427	0.094148
chr1	118989002	118990303	6.3181e-08	0.303255	17	3.9524e-14	4.7763e-12	0.55946	0.2562
chr1	118992877	118993442	0.00029716	0.322335	6	1.4773e-09	2.3641e-07	0.54412	0.22179
chr1	118999536	119000007	3.9891e-05	0.317993	6	7.0384e-11	1.5509e-08	0.50216	0.18417
chr1	119005904	119006690	3.4934e-05	0.355303	6	8.4876e-10	1.245e-08	0.52946	0.17416
chr1	119007003	119007862	0.00034129	0.277858	5	6.2044e-09	3.2545e-07	0.48422	0.20636
chr1	148328900	148329665	0.032549	0.131634	7	5.1983e-05	0.00038643	0.66774	0.5361
chr1	151838009	151838429	0.032296	0.151328	7	0.16042	0.00038308	0.41511	0.26379
chr1	152757551	152758243	0.016444	-0.261837	5	2.4417e-05	0.0001285	0.35574	0.61757
chr1	152760549	152760920	0.0012109	-0.311365	6	1.2556e-08	1.7262e-06	0.60206	0.91343
chr1	156388047	156388821	5.7292e-05	0.268622	10	1.6185e-09	2.481e-08	0.42078	0.15216
chr1	157925437	157925860	0.016444	-0.280032	5	4.4586e-06	0.00014849	0.5513	0.83133
chr1	161038337	161039188	1.503e-05	-0.191145	11	6.3505e-14	4.3826e-09	0.17832	0.36947
chr1	166070207	166070682	0.0069919	-0.307018	5	2.3302e-07	4.0549e-05	0.47584	0.78286
chr1	169427468	169427672	0.020385	0.241939	7	5.4653e-05	0.00023262	0.30435	0.062413
chr1	201739660	201740548	9.1354e-06	-0.193159	8	3.0587e-13	2.2827e-09	0.11129	0.30445
chr1	202010371	202010719	0.033416	-0.161697	5	6.6834e-05	0.00039781	0.4283	0.59
chr1	203629202	203629962	0.0040133	0.196967	7	2.5473e-06	1.8422e-05	0.23547	0.0385
chr1	204359715	204360180	0.0046922	0.191847	8	7.96e-07	2.4442e-05	0.43194	0.24009
chr1	204996872	204997385	0.0055	-0.160817	7	5.9511e-06	2.9263e-05	0.74916	0.90997
chr1	219958749	219959387	0.027222	-0.165216	6	5.4336e-05	0.00032015	0.77247	0.93768
chr1	227925105	227925507	0.036421	-0.102195	5	0.0044759	0.00046076	0.6234	0.72559
chr1	228371286	228371621	0.0040696	-0.212757	5	1.4241e-06	1.9214e-05	0.61557	0.82833
chr1	234531341	234531804	0.0039841	0.151858	6	7.4254e-05	1.1078e-05	0.65079	0.49893
chr1	235650539	235651163	0.016444	0.168696	11	0.00023365	0.00012945	0.34533	0.17664
chr1	243482933	243483486	0.0068165	0.211633	6	7.316e-07	3.8869e-05	0.57006	0.35843
chr1	247451425	247452382	0.0017819	-0.261524	8	1.0865e-07	3.1635e-06	0.59406	0.85559
chr1	247548808	247549290	0.00034657	-0.276958	8	7.3486e-10	3.4184e-07	0.36715	0.6441
chr1	247841584	247842055	0.03535	-0.208326	5	0.00039858	0.00043775	0.63784	0.84617
chr1	247937105	247937313	0.044318	0.203442	6	6.0672e-06	0.00058359	0.35604	0.15259
chr10	683264	684017	5.7647e-06	-0.288784	8	1.0705e-10	1.2659e-09	0.57728	0.86606
chr10	1527776	1528224	0.0066044	-0.277482	5	7.0637e-06	3.7255e-05	0.55132	0.8288
chr10	1725288	1725722	0.010031	-0.224468	6	6.5575e-05	6.0076e-05	0.69977	0.92424
chr10	2225004	2225397	0.016444	-0.326797	5	2.0954e-06	0.00014697	0.53338	0.86018
chr10	2772812	2773356	0.00010863	-0.323936	6	2.4934e-08	6.4405e-08	0.554	0.87793
chr10	2889769	2890429	0.0027441	-0.213908	7	1.3783e-07	5.1762e-06	0.72509	0.939
chr10	3241374	3241936	0.0029859	-0.208848	7	7.0069e-05	5.7075e-06	0.58385	0.7927
chr10	11005308	11005624	0.0070934	0.112264	6	0.00067283	4.1301e-05	0.71311	0.60085
chr10	22333864	22336087	0.0039841	0.253315	14	8.4322e-09	1.5351e-05	0.54298	0.28966
chr10	22345270	22345805	0.003992	0.22948	9	6.3318e-06	1.7378e-05	0.36686	0.13738
chr10	27746702	27747223	0.003992	0.2228	7	1.1484e-05	1.7527e-05	0.38852	0.16572
chr10	45418828	45419502	0.0092998	0.22906	7	9.2436e-06	5.5406e-05	0.26787	0.038807
chr10	47322384	47322581	0.00023964	0.173536	7	6.649e-06	1.8289e-07	0.67187	0.49834
chr10	48684696	48684982	0.044706	-0.121367	8	8.0128e-06	0.0005895	0.54514	0.66651
chr10	48685291	48685505	0.045533	-0.191834	7	9.3908e-07	0.00060074	0.46794	0.65977
chr10	70602536	70603111	0.03895	-0.103174	9	1.8608e-05	0.0005003	0.59576	0.69893
chr10	84241398	84241805	0.013043	-0.2129	7	6.2908e-06	8.198e-05	0.56729	0.78019
chr10	92045684	92046114	0.0067786	0.133205	5	0.00013748	3.8479e-05	0.66388	0.53067
chr10	100519573	100520002	9.6752e-05	0.241091	8	1.8655e-11	5.5378e-08	0.51296	0.27186
chr10	101136619	101137113	0.00061271	0.191036	5	4.0622e-06	7.0139e-07	0.3624	0.17137
chr10	101140192	101140735	1.2188e-05	0.311497	6	5.3172e-10	3.3552e-09	0.3881	0.076605
chr10	101238025	101238361	0.0039841	0.192922	6	2.234e-06	1.2599e-05	0.55268	0.35975
chr10	102775764	102776279	0.013322	0.14749	8	1.2504e-05	8.8193e-05	0.395	0.24751
chr10	103479116	103479434	0.021602	-0.107426	5	9.2421e-05	0.000249	0.44428	0.5517
chr10	117131466	117132196	0.013415	0.201491	7	7.0069e-05	9.0159e-05	0.38935	0.18786
chr10	117132700	117134092	0.0008009	0.257841	11	1.011e-10	1.009e-06	0.37487	0.11703
chr10	117197128	117197749	0.00085144	-0.138889	9	1.2598e-09	1.0912e-06	0.57822	0.71711
chr10	117541953	117542657	0.020491	0.190978	8	7.3227e-06	0.00023439	0.26866	0.077679
chr10	119818459	119819335	0.0043292	0.138827	6	2.4934e-08	2.16e-05	0.82761	0.68879
chr10	121593784	121594681	0.00052209	0.100262	14	2.8092e-05	5.4127e-07	0.76892	0.66866
chr10	125775596	125776445	0.048043	-0.117512	10	3.6102e-06	0.00063524	0.71807	0.83558
chr10	126504650	126504929	5.7292e-05	-0.202338	5	3.3879e-08	2.5986e-08	0.57313	0.77547
chr10	127736874	127737635	0.029804	0.213014	9	3.7956e-05	0.00035256	0.33188	0.11887
chr10	129415313	129416322	0.016747	-0.237729	9	2.2583e-07	0.00015687	0.59384	0.83156
chr10	130013341	130013639	0.0073799	-0.219456	5	2.5363e-06	4.3409e-05	0.61923	0.83869
chr10	130833778	130834739	0.0033358	-0.250115	10	3.1846e-09	6.8809e-06	0.61485	0.86496
chr10	131088371	131088847	0.017856	-0.261659	6	1.4787e-05	0.00018023	0.64092	0.90258
chr10	131093056	131093492	5.8124e-05	-0.382448	5	1.2356e-08	2.6573e-08	0.5643	0.94675
chr10	131201867	131202209	0.00058373	-0.362675	5	1.7351e-08	6.3996e-07	0.53092	0.89359
chr10	131259906	131260726	0.00014592	-0.290564	7	3.1059e-09	9.4549e-08	0.52368	0.81425
chr10	131410223	131410722	0.0001095	-0.373884	5	8.7702e-09	6.5436e-08	0.53729	0.91118
chr10	131475537	131475922	0.00069498	-0.293331	6	8.1211e-09	8.0844e-07	0.58706	0.88039
chr10	131675662	131676531	1.0338e-08	-0.327745	10	4.2522e-14	5.2101e-13	0.53595	0.8637
chr10	132305929	132306526	0.032791	-0.136033	7	0.00011404	0.00038977	0.78643	0.92246
chr10	132336985	132337257	0.00023964	0.279547	7	1.5981e-10	1.8208e-07	0.52155	0.242
chr10	132916438	132917367	0.013597	-0.222294	7	7.0266e-06	9.2096e-05	0.62672	0.84902
chr10	132922389	132922745	0.00445	-0.305512	5	3.5198e-07	2.2534e-05	0.64539	0.9509
chr10	132960509	132961278	0.00098862	-0.226938	5	1.109e-05	1.2919e-06	0.58684	0.81377
chr10	132989634	132990215	0.018819	-0.200049	6	0.00048461	0.00020974	0.66857	0.86862
chr10	133019808	133020721	0.0032156	-0.164977	9	7.7051e-07	6.5234e-06	0.68336	0.84834
chr10	133024219	133025092	0.0039841	-0.205258	6	6.5057e-06	1.2023e-05	0.56108	0.76634
chr10	133130942	133131596	0.043781	-0.236013	6	3.9739e-06	0.00057604	0.48778	0.72379
chr10	133178475	133179087	0.0040892	-0.212563	6	2.0768e-06	1.9387e-05	0.71302	0.92559
chr10	133183391	133183968	0.012606	-0.228968	7	7.4247e-06	7.8961e-05	0.61621	0.84518
chr10	133207152	133207597	0.0044772	-0.357488	5	3.1767e-07	2.279e-05	0.57967	0.93716
chr10	133526941	133527522	0.021329	-0.200425	8	2.2559e-07	0.00024549	0.5742	0.77462
chr11	278394	278539	0.016444	-0.132309	6	0.00018368	0.00012393	0.58357	0.71588
chr11	637032	637176	1.7311e-06	0.394284	7	2.343e-10	3.0535e-10	0.44394	0.049652
chr11	1450180	1450710	0.0070873	-0.247964	6	4.9898e-07	4.1229e-05	0.6148	0.86276
chr11	1648048	1649076	0.032713	-0.206436	7	4.4999e-06	0.00038861	0.67436	0.8808
chr11	1652206	1652670	0.0070113	-0.214337	6	4.4939e-05	4.0711e-05	0.56824	0.78258
chr11	1834056	1835078	8.3694e-05	-0.155758	14	3.2543e-11	4.218e-08	0.47713	0.63289
chr11	1852527	1853091	0.0039841	-0.218854	6	8.0107e-06	1.0883e-05	0.45615	0.675
chr11	1996709	1996998	0.013296	-0.144692	8	7.6583e-05	8.6226e-05	0.64878	0.79347
chr11	2132761	2133723	0.0067786	-0.171939	9	1.983e-07	3.852e-05	0.29839	0.47033
chr11	2161070	2161566	0.01032	-0.218286	10	6.4522e-09	6.1892e-05	0.55766	0.77594
chr11	2162190	2162635	0.0040185	-0.201334	7	9.9691e-07	1.8658e-05	0.59935	0.80069
chr11	2271131	2271462	0.00053828	0.1896	13	1.1234e-08	5.6194e-07	0.27721	0.087612
chr11	2301388	2302230	0.012946	-0.155005	15	6.1657e-07	8.1323e-05	0.43638	0.59138
chr11	2460219	2461172	0.013282	-0.16828	15	1.2615e-09	8.3719e-05	0.65032	0.8186
chr11	2869321	2869496	5.5824e-05	0.248334	13	1.6395e-11	2.3512e-08	0.53586	0.28752
chr11	2900821	2901623	0.0074958	-0.126293	13	2.3681e-06	4.428e-05	0.76747	0.89376
chr11	2904404	2904740	0.00031862	-0.242834	6	2.3307e-09	2.7397e-07	0.5577	0.80053
chr11	3166132	3166787	2.852e-06	-0.185924	22	7.383e-14	5.4413e-10	0.70412	0.89005
chr11	16610541	16611178	0.00058571	0.240861	5	3.8986e-07	6.4828e-07	0.57444	0.33358
chr11	17544331	17544505	0.045051	0.183742	7	0.00090577	0.00059422	0.21602	0.032279
chr11	18209073	18209357	0.016444	0.193154	5	8.5272e-05	0.00014761	0.52009	0.32694
chr11	22432606	22433116	0.00018305	0.273181	6	1.6266e-08	1.2836e-07	0.51194	0.23876
chr11	26993972	26994445	0.0016446	0.18714	7	1.3414e-06	2.8062e-06	0.36054	0.1734
chr11	31824867	31825303	0.0039841	0.227745	6	4.2165e-05	1.2184e-05	0.42099	0.19324
chr11	32427617	32429147	0.022948	0.157827	11	1.367e-05	0.00026583	0.42485	0.26703
chr11	44311363	44311582	0.0024078	0.220869	10	9.7135e-09	4.5246e-06	0.40799	0.18712
chr11	45695834	45696064	0.0019067	-0.203115	6	1.1284e-05	3.5349e-06	0.72057	0.92368
chr11	45696436	45697122	0.010462	-0.202766	8	5.3497e-07	6.2782e-05	0.54146	0.74423
chr11	60515239	60515463	0.00089875	-0.118384	7	8.8448e-07	1.1614e-06	0.79592	0.9143
chr11	62709419	62709891	1.5717e-05	0.254997	8	2.5797e-09	4.6394e-09	0.30064	0.04564
chr11	64593252	64593549	0.0039841	-0.254585	6	5.3081e-08	1.2834e-05	0.6502	0.90478
chr11	64891150	64891594	0.0068601	-0.178479	11	3.8724e-06	3.9251e-05	0.68299	0.86147
chr11	64971781	64972381	0.017602	0.187192	8	4.6949e-05	0.00017546	0.43266	0.24547
chr11	65607192	65607733	9.3056e-05	0.268457	6	2.5516e-09	5.2024e-08	0.8021	0.53364
chr11	69014508	69014744	0.016444	0.154954	5	0.010144	0.00013519	0.57052	0.41557
chr11	69654021	69654408	0.011384	-0.231617	6	3.7006e-06	7.0573e-05	0.64801	0.87963
chr11	70661720	70662555	0.0034539	0.113982	11	1.3662e-07	7.505e-06	0.51829	0.40431
chr11	72013241	72013632	0.016444	0.146942	6	7.8991e-05	0.000121	0.75567	0.60873
chr11	77411794	77412287	0.016444	0.205705	5	0.00025475	0.00014306	0.32039	0.11469
chr11	86374324	86375060	0.0069919	0.318532	8	1.9319e-07	4.0539e-05	0.51724	0.19871
chr11	111912603	111912840	0.003373	0.286151	6	3.3853e-07	7.0608e-06	0.45102	0.16487
chr11	115153642	115154224	0.0069744	-0.241637	6	7.8991e-05	4.0258e-05	0.66875	0.91039
chr11	122116028	122116496	0.021329	-0.228802	7	0.00013165	0.00024554	0.64031	0.86911
chr11	123525331	123525886	0.00016381	0.183045	8	5.5018e-09	1.0792e-07	0.70668	0.52363
chr11	123559867	123560455	0.011162	0.171987	5	6.6834e-05	6.7588e-05	0.33284	0.16085
chr11	124441043	124441528	0.0017819	-0.331503	6	1.369e-08	3.1688e-06	0.50517	0.83667
chr11	125904187	125904553	0.0043068	0.190658	6	1.5337e-07	2.1292e-05	0.23552	0.044866
chr11	128842385	128843038	0.0059595	-0.247804	7	8.7526e-06	3.1858e-05	0.64458	0.89238
chr11	130189654	130189897	0.00059823	-0.220808	5	8.0999e-08	6.7836e-07	0.69623	0.91704
chr11	132237525	132237806	0.0068408	-0.180617	5	8.4697e-06	3.9036e-05	0.71254	0.89316
chr12	213348	214077	0.0098231	-0.130673	11	1.0868e-07	5.8701e-05	0.36273	0.4934
chr12	2504537	2504783	9.1354e-06	-0.411852	5	1.3329e-09	2.2043e-09	0.50918	0.92103
chr12	2691016	2691754	0.016763	0.128068	9	0.0022553	0.00015707	0.34763	0.21956
chr12	4445129	4445806	2.1876e-05	-0.270051	11	2.9019e-10	7.6388e-09	0.56815	0.83821
chr12	4813950	4814364	0.016444	-0.234141	5	4.7775e-07	0.00014844	0.65473	0.88887
chr12	6555706	6556282	1.1558e-05	0.282178	7	3.6225e-11	3.0789e-09	0.60896	0.32678
chr12	12070727	12071524	0.0039841	-0.199119	5	2.24e-05	1.1258e-05	0.38286	0.58198
chr12	12785148	12785492	0.016444	0.115356	5	5.3654e-06	0.00013907	0.83149	0.71614
chr12	14843581	14843654	0.00020097	0.242653	5	8.7702e-09	1.4415e-07	0.82451	0.58186
chr12	16605020	16605334	0.011339	0.162515	6	2.2042e-05	6.9432e-05	0.27748	0.11496
chr12	24902174	24903310	8.4297e-05	0.268816	11	3.5179e-10	4.5002e-08	0.42921	0.1604
chr12	29497641	29498109	0.0014061	-0.222363	7	1.2631e-08	2.0595e-06	0.6785	0.90086
chr12	34602013	34602634	0.016444	-0.201523	6	4.2666e-06	0.00012189	0.42754	0.62906
chr12	43551877	43552716	0.0039841	0.18021	7	6.3465e-05	1.5634e-05	0.41932	0.23911
chr12	52191911	52192109	0.011965	-0.171169	5	8.7155e-07	7.4687e-05	0.3892	0.56037
chr12	52601149	52601575	0.0039841	0.204549	5	1.4241e-06	1.1076e-05	0.53021	0.32566
chr12	53944959	53945505	0.00098862	0.279674	5	9.8355e-09	1.2911e-06	0.3615	0.081826
chr12	53963624	53963988	0.00034129	0.257442	5	1.9416e-08	3.2641e-07	0.36368	0.10624
chr12	54004734	54005808	0.00029507	0.291326	10	2.0891e-09	2.3369e-07	0.52073	0.22941
chr12	54015423	54015987	2.4245e-08	0.327127	12	4.2633e-14	1.3964e-12	0.53761	0.21048
chr12	54030895	54031635	0.00020603	0.382966	5	1.3329e-09	1.5207e-07	0.51944	0.13647
chr12	54046989	54047726	0.0039841	0.315208	6	5.3081e-08	1.2494e-05	0.5719	0.25669
chr12	54053160	54054307	4.1115e-06	0.240341	14	4.9738e-14	8.5844e-10	0.3638	0.12346
chr12	54060379	54060662	5.584e-05	0.28894	5	3.4594e-09	2.372e-08	0.64309	0.35415
chr12	54391219	54391503	0.00033675	-0.187822	5	1.2356e-08	3.1631e-07	0.088967	0.27679
chr12	57194361	57194568	0.0051639	-0.117742	7	6.649e-06	2.7363e-05	0.78855	0.90629
chr12	65729024	65729717	0.01146	0.220286	6	1.0541e-05	7.1329e-05	0.43685	0.21657
chr12	85280082	85280917	0.010626	0.227918	10	1.4957e-05	6.3845e-05	0.30762	0.079707
chr12	104303609	104303768	0.0013965	0.312391	7	4.264e-08	2.036e-06	0.37414	0.06175
chr12	113478668	113480190	0.016993	0.152505	13	6.2148e-06	0.00016273	0.30541	0.1529
chr12	114698054	114698504	0.00098899	0.170623	18	1.205e-07	1.2959e-06	0.26534	0.094722
chr12	116559217	116559381	9.6752e-05	-0.224151	6	1.4773e-09	5.5348e-08	0.3339	0.55805
chr12	119803483	119804710	0.046303	0.112833	12	0.00067111	0.0006114	0.6118	0.49897
chr12	127761048	127761256	0.00059823	-0.351994	5	5.5243e-09	6.7775e-07	0.54585	0.89784
chr12	130474108	130474670	0.0041416	-0.253327	5	1.7287e-06	1.9745e-05	0.64111	0.89444
chr12	132319982	132320354	6.212e-05	-0.366382	5	2.1e-07	2.9966e-08	0.56751	0.93389
chr12	132434098	132434361	0.0016263	-0.261579	5	7.8918e-07	2.7586e-06	0.5606	0.82218
chr13	19181530	19182179	0.0015934	-0.197911	8	1.3619e-06	2.6902e-06	0.71437	0.91228
chr13	24270708	24270801	5.81e-08	0.337843	6	2.8764e-11	4.183e-12	0.38364	0.045798
chr13	27917189	27918533	0.0014935	0.266559	10	5.942e-09	2.2481e-06	0.38443	0.11787
chr13	27923954	27924408	0.011466	0.259427	6	9.4405e-08	7.1407e-05	0.34905	0.089621
chr13	27926745	27927277	0.036676	0.193271	5	4.8054e-05	0.00046671	0.3024	0.10912
chr13	98977716	98978330	0.0039841	0.183026	6	6.9745e-06	1.1814e-05	0.55931	0.37629
chr13	99971688	99972040	0.0039841	0.206766	8	3.6846e-06	1.491e-05	0.38857	0.1818
chr13	99988989	99989853	0.007326	0.23058	9	1.1723e-07	4.3014e-05	0.39108	0.1605
chr13	111320507	111320759	0.0089922	-0.205626	8	8.7648e-06	5.3476e-05	0.55743	0.76305
chr13	111853330	111853893	0.016444	-0.144922	8	0.00041327	0.00011666	0.46476	0.60968
chr13	111956367	111957042	0.044514	-0.259826	6	8.0107e-06	0.00058681	0.66231	0.92213
chr13	112057066	112057696	0.03535	0.198809	5	6.1576e-05	0.00043833	0.31102	0.11221
chr13	112067011	112067637	0.03535	0.157866	9	1.4238e-06	0.00043847	0.29786	0.13999
chr13	112068720	112069268	0.021154	0.241674	5	7.0637e-06	0.00024284	0.38002	0.13835
chr13	112202370	112202706	0.0069873	-0.244795	6	0.00010727	4.0446e-05	0.64125	0.88604
chr13	112770624	112772030	0.0074846	0.112958	13	4.3032e-05	4.4187e-05	0.69539	0.58243
chr13	113455105	113455635	0.0029724	0.119272	5	3.0331e-08	5.6656e-06	0.91947	0.8002
chr13	113658167	113658449	0.00034657	-0.231377	7	2.3334e-08	3.4044e-07	0.66427	0.89565
chr13	114151724	114152166	0.023728	-0.226167	6	2.2042e-05	0.00027846	0.40703	0.6332
chr14	24310587	24311721	0.016444	0.166208	13	7.4052e-06	0.0001296	0.47629	0.31008
chr14	24334473	24335137	8.7013e-08	0.317135	10	7.9898e-11	7.6075e-12	0.38086	0.06373
chr14	28785474	28785914	0.022081	0.192162	5	3.4353e-05	0.00025508	0.37273	0.18057
chr14	36654473	36655230	0.021304	0.187171	7	2.2696e-06	0.00024511	0.4857	0.29853
chr14	55440404	55440784	0.019576	0.206721	9	4.8428e-06	0.00022219	0.64327	0.43654
chr14	56797275	56798202	0.016444	0.157928	7	6.0388e-05	0.00014699	0.3172	0.15927
chr14	56808021	56808696	0.013655	0.242101	7	7.4247e-06	9.266e-05	0.33975	0.097652
chr14	60506744	60507322	0.00031862	0.288731	6	2.2902e-08	2.5857e-07	0.40831	0.11958
chr14	60509093	60509568	0.016873	0.237539	8	1.4293e-06	0.00016042	0.30789	0.070355
chr14	75979645	75980339	0.00057857	0.269328	5	2.1719e-08	6.1931e-07	0.74941	0.48009
chr14	95360233	95360661	0.0014277	0.235543	5	3.3683e-06	2.1073e-06	0.57407	0.33853
chr14	97207134	97207883	0.0067821	-0.27124	5	3.4353e-05	3.8599e-05	0.61287	0.88411
chr14	100880707	100881022	0.0039841	-0.247312	6	8.1211e-09	1.2806e-05	0.55626	0.80357
chr14	100881698	100882350	0.001783	-0.179936	8	3.5749e-07	3.1772e-06	0.74917	0.9291
chr14	100882783	100883758	0.00056488	-0.208022	11	2.9441e-08	5.9784e-07	0.71905	0.92707
chr14	100884357	100884690	0.0070587	-0.230924	5	1.2124e-05	4.1012e-05	0.6855	0.91643
chr14	101023078	101023917	5.9984e-09	-0.286595	17	4.6407e-14	2.5912e-13	0.61105	0.89764
chr14	101025040	101026070	2.0883e-05	-0.25935	12	4.9716e-13	7.1406e-09	0.61958	0.87893
chr14	101033096	101033744	8.4852e-07	-0.339333	6	4.4034e-10	1.344e-10	0.55696	0.89629
chr14	101039186	101040243	0.00027938	-0.235188	12	3.562e-10	2.1818e-07	0.6331	0.86829
chr14	101046037	101046701	0.0014061	-0.283897	7	5.4789e-09	2.0602e-06	0.59899	0.88288
chr14	101055072	101055473	3.7306e-05	-0.287987	10	1.8037e-12	1.3967e-08	0.5965	0.88449
chr14	101059447	101059804	0.00045165	-0.296802	6	2.1031e-08	4.5849e-07	0.58544	0.88224
chr14	101060148	101060808	4.3101e-05	-0.29561	10	9.1938e-13	1.7462e-08	0.60558	0.90118
chr14	101061786	101062335	0.00015284	-0.206387	11	6.8418e-08	9.9584e-08	0.5882	0.79458
chr14	101064006	101064520	0.029804	-0.218483	6	9.1932e-06	0.00035266	0.57163	0.79012
chr14	101065066	101066016	0.00017489	-0.189309	18	5.8087e-11	1.2035e-07	0.70727	0.89658
chr14	101442415	101442685	0.0044794	-0.230773	5	7.2514e-05	2.2821e-05	0.43936	0.67014
chr14	103126751	103127184	0.0027861	0.214959	5	2.24e-05	5.2756e-06	0.7279	0.51294
chr14	104334108	104334766	0.0062325	-0.221685	6	1.3348e-06	3.4397e-05	0.55133	0.77301
chr14	105855446	105856325	0.0032156	-0.268865	7	2.4964e-08	6.5402e-06	0.55425	0.82311
chr15	25169569	25169635	0.012209	-0.234993	5	1.7287e-06	7.6344e-05	0.65215	0.88715
chr15	25189142	25189387	0.0071998	-0.27577	5	4.0622e-06	4.2039e-05	0.58585	0.86162
chr15	25864068	25864468	0.048224	-0.207649	11	4.8623e-05	0.0006378	0.62695	0.83459
chr15	27574160	27574779	0.003041	-0.216615	5	1.5807e-05	5.9443e-06	0.56763	0.78424
chr15	31223547	31224279	0.020685	0.1332	9	0.00013733	0.00023686	0.52338	0.39018
chr15	40307784	40308293	0.0039841	-0.166156	6	8.5134e-07	1.2285e-05	0.28629	0.45245
chr15	52783224	52783629	0.012626	0.315029	5	1.5693e-06	7.9131e-05	0.47991	0.16488
chr15	52794433	52795960	0.0039841	0.26593	10	1.0262e-07	1.1446e-05	0.45096	0.18503
chr15	62243505	62243891	0.0039841	-0.141471	5	1.2918e-06	1.1012e-05	0.71422	0.85569
chr15	68806923	68807496	0.0029724	0.153294	5	5.8461e-07	5.6711e-06	0.84602	0.69272
chr15	87123900	87124322	0.0010576	-0.380253	5	4.7106e-08	1.3911e-06	0.50229	0.88254
chr15	89377593	89377952	0.00010863	0.261203	6	1.1513e-08	6.4525e-08	0.42422	0.16302
chr15	89408556	89410140	0.0002812	0.236046	12	1.5399e-11	2.2068e-07	0.344	0.10795
chr15	96325628	96325992	5.5911e-06	-0.280544	8	3.4528e-13	1.1875e-09	0.16927	0.44981
chr15	96779321	96779903	0.020423	-0.191336	5	2.24e-05	0.00023348	0.60461	0.79594
chr16	563006	563633	0.00033559	-0.309613	5	8.7155e-07	2.9356e-07	0.62657	0.93619
chr16	564645	565316	0.003056	-0.214207	5	1.2918e-06	6.0287e-06	0.6961	0.9103
chr16	841260	842049	0.021283	-0.193988	7	3.799e-06	0.00024472	0.49001	0.684
chr16	991053	991334	0.010705	-0.208762	6	1.3825e-05	6.4354e-05	0.59518	0.80394
chr16	1095964	1096546	0.038519	-0.194024	6	2.3542e-05	0.00049378	0.55457	0.7486
chr16	1166285	1167261	0.032491	-0.189376	8	1.1447e-05	0.00038562	0.62843	0.81781
chr16	1533809	1534118	0.0044924	0.129498	6	4.9149e-06	2.2948e-05	0.61161	0.48211
chr16	9763294	9763948	0.016444	-0.288728	5	1.7287e-06	0.00013571	0.55612	0.84485
chr16	10876944	10877394	0.00052373	-0.263204	5	9.8355e-09	5.4486e-07	0.2285	0.4917
chr16	29745997	29746141	0.01211	-0.148777	7	0.00025329	7.5637e-05	0.42983	0.5786
chr16	54938166	54939136	0.021222	0.203768	7	8.7526e-06	0.00024378	0.35132	0.14755
chr16	55874958	55875821	0.016444	-0.233632	5	2.3058e-06	0.0001479	0.55124	0.78487
chr16	58501189	58501653	0.010501	-0.158713	5	1.325e-05	6.3054e-05	0.19126	0.34997
chr16	66579052	66579432	8.7013e-08	0.354684	9	4.6851e-14	7.8308e-12	0.50552	0.15084
chr16	86917221	86917792	0.022367	-0.230214	5	0.00018768	0.00025863	0.68503	0.91524
chr16	87067928	87069086	0.0039841	-0.20778	11	1.4763e-08	1.1641e-05	0.67451	0.88229
chr17	2796077	2796425	0.0040112	-0.196989	7	3.1304e-07	1.8168e-05	0.26546	0.46244
chr17	5116015	5116467	0.0017073	0.289208	5	2.1e-07	2.9992e-06	0.51764	0.22843
chr17	7854784	7855743	1.8119e-05	0.185057	14	8.8818e-14	5.74e-09	0.81207	0.62701
chr17	17561848	17562369	0.036458	0.166345	6	3.7006e-06	0.00046274	0.64003	0.47368
chr17	19745612	19745981	0.032822	-0.107236	7	0.075152	0.00039027	0.55454	0.66178
chr17	27471715	27472422	8.952e-05	-0.223836	7	1.0469e-09	4.9628e-08	0.48007	0.70391
chr17	35432493	35433275	2.6191e-05	0.242666	9	1.2525e-11	9.2397e-09	0.47452	0.23185
chr17	38578228	38578690	0.011545	0.202652	5	2.7888e-06	7.1982e-05	0.40777	0.20511
chr17	38867767	38868508	0.00031862	-0.269934	6	4.1342e-08	2.658e-07	0.18811	0.45804
chr17	45261673	45262465	0.0020344	0.17281	12	1.1509e-07	3.8082e-06	0.24419	0.07138
chr17	48530466	48531209	2.6482e-07	0.275897	12	4.5186e-14	3.0506e-11	0.83529	0.5594
chr17	48545092	48545175	0.003056	0.267767	5	1.2918e-06	5.999e-06	0.57524	0.30748
chr17	48551301	48551989	0.0069744	0.159156	6	0.00017317	4.0304e-05	0.68604	0.52689
chr17	48564142	48564743	0.00034129	0.28634	5	3.0331e-08	3.3295e-07	0.48067	0.19433
chr17	48574360	48575140	0.0020961	0.174544	10	5.8422e-05	3.9313e-06	0.62755	0.45301
chr17	48577927	48578732	3.2538e-09	0.198568	16	4.6851e-14	1.0542e-13	0.25804	0.05947
chr17	48590225	48590451	0.0017073	0.187114	5	3.1767e-07	2.9835e-06	0.70162	0.51451
chr17	48592123	48592283	1.7036e-05	0.353888	5	2.1536e-09	5.2129e-09	0.66585	0.31197
chr17	48593248	48593770	0.0039841	0.244548	6	4.9149e-06	1.2614e-05	0.32878	0.084232
chr17	48621236	48621794	9.1354e-06	0.303845	5	6.2044e-09	2.1934e-09	0.62073	0.31688
chr17	48633655	48634085	3.6409e-05	0.351856	5	6.9657e-09	1.35e-08	0.47015	0.11829
chr17	48718498	48719195	1.9213e-06	0.307116	5	1.3329e-09	3.4582e-10	0.50703	0.19992
chr17	48722278	48722667	5.4623e-08	0.429432	8	7.4163e-14	3.5394e-12	0.58783	0.15839
chr17	48725155	48725647	6.0314e-05	0.388661	5	4.3748e-09	2.7792e-08	0.44074	0.052075
chr17	48747365	48748010	0.032735	0.251122	5	0.00039858	0.000389	0.43493	0.18381
chr17	49964771	49965554	0.016444	0.203701	5	1.325e-05	0.00013213	0.30862	0.10492
chr17	50468589	50469194	0.0002419	0.22186	10	4.6052e-10	1.8548e-07	0.52173	0.29987
chr17	50834904	50835500	0.016444	0.11209	10	0.00012661	0.00014373	0.49241	0.38032
chr17	53822476	53823174	0.00056488	-0.319002	8	2.2798e-10	5.9183e-07	0.56761	0.88661
chr17	58692267	58692407	0.0068903	-0.201586	5	1.2124e-05	3.9523e-05	0.5208	0.72239
chr17	59840901	59841322	6.0354e-05	-0.334901	5	1.5036e-09	2.8027e-08	0.14826	0.48316
chr17	61457322	61457893	0.0016753	0.234563	5	2.866e-07	2.8906e-06	0.43696	0.20239
chr17	61461890	61462355	0.034569	0.180729	5	0.0010778	0.00041179	0.27165	0.090923
chr17	74446789	74447263	0.016444	0.100158	6	7.8991e-05	0.00012449	0.53746	0.4373
chr17	75509936	75510123	7.9413e-06	0.172262	5	1.6955e-09	1.8296e-09	0.81648	0.64422
chr17	75587758	75588537	0.013366	0.201779	9	5.5584e-05	8.9396e-05	0.29915	0.09737
chr17	78132400	78132603	0.00022856	-0.182346	8	6.8474e-11	1.7196e-07	0.20853	0.39088
chr17	78224527	78224875	0.003373	0.141951	6	2.3307e-09	7.0281e-06	0.90714	0.76519
chr17	79540231	79541005	0.042726	-0.2086	8	1.4902e-05	0.0005617	0.58826	0.79686
chr17	79802629	79803375	0.029739	0.175539	6	0.00054107	0.00035136	0.31937	0.14384
chr17	80177985	80178668	0.0039841	-0.202029	6	1.2044e-07	1.2227e-05	0.71044	0.91247
chr17	81125446	81126488	2.777e-06	-0.307529	10	1.1768e-13	5.1984e-10	0.55358	0.86111
chr17	82583673	82584243	0.00019183	0.149128	6	6.5575e-05	1.3673e-07	0.79833	0.6492
chr17	82840005	82840424	0.026463	-0.141433	9	0.0076523	0.00031094	0.62964	0.77107
chr18	11148511	11149070	0.0039841	0.183253	9	1.3673e-06	1.4392e-05	0.29462	0.11137
chr18	14748199	14748300	0.0089513	0.158549	6	2.5138e-05	5.32e-05	0.32633	0.16778
chr18	23872766	23873168	5.4048e-05	-0.299427	7	2.2453e-11	2.2375e-08	0.48259	0.78201
chr18	31042019	31043194	0.0014277	0.202388	16	2.1095e-09	2.1023e-06	0.31358	0.11119
chr18	46519065	46519378	0.0039841	-0.190645	5	3.3683e-06	1.6666e-05	0.49312	0.68376
chr18	46679824	46680488	0.016444	-0.186931	6	0.00012858	0.00012221	0.76231	0.94924
chr18	46946737	46947064	0.0032539	0.240744	6	1.2044e-07	6.6874e-06	0.2747	0.033953
chr18	58195345	58195641	0.0060018	0.171279	7	1.0306e-05	3.2127e-05	0.32101	0.14973
chr18	58628862	58629376	0.016444	0.10875	7	0.00010357	0.00014311	0.72611	0.61736
chr18	63476693	63477107	4.431e-07	-0.329779	9	2.4526e-12	5.7423e-11	0.49862	0.8284
chr18	77249468	77250414	0.003373	0.105337	17	5.2041e-10	7.0326e-06	0.15981	0.054469
chr19	292102	292272	0.02203	-0.16499	8	1.4293e-06	0.00025441	0.67574	0.84073
chr19	496239	496529	0.016444	0.102221	6	6.5575e-05	0.00012309	0.23318	0.13096
chr19	1132257	1132539	6.3769e-06	-0.223323	7	3.1819e-12	1.4233e-09	0.12481	0.34814
chr19	9362889	9363453	0.0014926	0.249402	11	1.4763e-08	2.2209e-06	0.42056	0.17116
chr19	12513652	12513957	0.018356	0.197161	6	0.00016323	0.00019734	0.47044	0.27328
chr19	13002641	13003080	0.016444	0.168097	5	9.2693e-06	0.00014627	0.70494	0.53684
chr19	15264472	15264614	0.0058612	0.145554	7	2.7633e-07	3.1311e-05	0.73899	0.59344
chr19	16283555	16283964	0.031571	0.228897	5	6.1576e-05	0.00037403	0.31889	0.089991
chr19	33621777	33622544	0.021441	0.212102	7	2.1741e-05	0.00024691	0.24943	0.037332
chr19	33683439	33684147	6.0418e-05	-0.289375	10	1.01e-12	2.8274e-08	0.4723	0.76167
chr19	33772254	33773207	0.0054435	-0.263571	7	1.907e-06	2.8943e-05	0.56695	0.83052
chr19	35351268	35351951	0.0016619	-0.205051	6	3.4959e-08	2.8477e-06	0.64623	0.85128
chr19	35490322	35490776	0.0056579	-0.237877	7	7.3842e-07	3.0164e-05	0.49934	0.73722
chr19	36604564	36605687	2.5677e-07	0.334247	10	5.7399e-14	2.8655e-11	0.4182	0.083957
chr19	37334405	37334545	0.011034	0.139617	6	0.00045848	6.6574e-05	0.40641	0.26679
chr19	37551207	37551571	0.0010721	0.269891	5	1.325e-05	1.4598e-06	0.46442	0.19453
chr19	37691872	37692518	0.0072709	0.148216	10	4.0991e-05	4.2533e-05	0.19822	0.050004
chr19	38395470	38396150	0.001362	0.281986	6	1.0554e-08	1.971e-06	0.43442	0.15243
chr19	39336028	39336288	0.029218	-0.137192	6	0.00048461	0.00034457	0.27271	0.4099
chr19	41844264	41845065	0.0072986	-0.11349	13	3.3088e-05	4.2826e-05	0.78154	0.89503
chr19	44448229	44448621	0.0039841	0.149957	10	1.9675e-06	1.0976e-05	0.23267	0.08271
chr19	45815256	45816141	0.0047226	0.146753	8	1.2504e-05	2.4634e-05	0.59106	0.44431
chr19	48171674	48172049	0.003056	0.172855	5	2.4285e-08	6.0073e-06	0.93661	0.76375
chr19	49688085	49688844	0.043459	0.114912	6	0.0017227	0.00057166	0.78828	0.67336
chr19	50716718	50717281	0.0039841	-0.180259	10	7.2819e-08	1.4541e-05	0.56716	0.74742
chr19	51887557	51888537	5.4667e-07	0.260306	14	1.8974e-13	7.8077e-11	0.51646	0.25616
chr19	52369663	52370372	0.0052899	0.187892	10	1.5432e-05	2.805e-05	0.25372	0.065831
chr19	53647646	53648346	0.035148	-0.137313	5	1.0141e-05	0.00043134	0.82461	0.96193
chr19	55947560	55947869	0.035764	-0.237502	5	2.6607e-05	0.00044855	0.61559	0.85309
chr19	56393073	56393784	0.0018255	0.178954	12	2.0346e-07	3.2923e-06	0.26016	0.081209
chr19	56839954	56841152	8.2245e-05	0.114915	16	8.8215e-12	4.0857e-08	0.63664	0.52172
chr19	57119750	57120038	0.0039841	-0.173538	5	1.0618e-06	1.1505e-05	0.77719	0.95073
chr19	57708712	57709470	0.0095846	0.241393	10	1.2575e-06	5.7206e-05	0.35336	0.11197
chr19	58033633	58034470	0.00033627	0.26084	11	9.091e-10	3.0743e-07	0.3547	0.093856
chr2	365090	366114	1.6984e-06	-0.254426	8	6.0238e-12	2.9347e-10	0.60647	0.8609
chr2	394115	394573	0.011308	-0.239477	5	9.2693e-06	6.9094e-05	0.35759	0.59707
chr2	444504	445431	0.0070934	-0.226067	6	2.4025e-06	4.1316e-05	0.57182	0.79788
chr2	466712	467136	0.00033627	-0.269564	8	6.5068e-10	3.0871e-07	0.6455	0.91507
chr2	496713	497418	0.013447	-0.264721	7	8.2264e-08	9.0424e-05	0.57254	0.83726
chr2	503383	503777	0.0030299	-0.220824	5	1.1714e-06	5.8789e-06	0.72853	0.94936
chr2	554363	554700	1.7033e-05	-0.423261	5	6.9657e-09	5.1505e-09	0.45032	0.87358
chr2	1413083	1413660	5.4667e-07	-0.390229	7	1.0063e-12	7.8716e-11	0.5319	0.92213
chr2	1484480	1484867	0.00010984	-0.322027	5	8.7702e-09	6.6565e-08	0.61555	0.93757
chr2	1842675	1843349	0.0033482	-0.174732	6	3.7006e-06	6.9183e-06	0.75725	0.93198
chr2	1922594	1923136	6.5593e-05	-0.373637	6	1.1488e-10	3.1877e-08	0.47253	0.84616
chr2	2577513	2577786	0.0067786	-0.350356	5	1.0618e-06	3.849e-05	0.42019	0.77055
chr2	2889370	2889961	0.035436	-0.205675	5	0.00049618	0.00044136	0.67176	0.87743
chr2	27380680	27380967	0.039574	0.103071	9	2.3948e-05	0.00051101	0.13158	0.028511
chr2	44928062	44929069	0.0016263	0.310416	8	9.7505e-09	2.7632e-06	0.42853	0.11811
chr2	44932006	44933416	2.8604e-06	0.254736	13	4.238e-11	5.5603e-10	0.5726	0.31786
chr2	53859717	53860207	8.8038e-08	0.245815	11	4.1522e-14	8.24e-12	0.77221	0.5264
chr2	63047341	63048044	0.0083529	0.218779	7	8.2264e-08	4.9492e-05	0.5925	0.37372
chr2	63048374	63049082	0.00021769	0.262762	7	6.7192e-10	1.63e-07	0.50091	0.23814
chr2	63057962	63058915	1.6792e-05	0.30856	9	4.0792e-12	5.0171e-09	0.50449	0.19593
chr2	66437403	66437829	0.00020097	0.370259	5	6.9657e-09	1.4541e-07	0.55787	0.18761
chr2	66440301	66440881	1.3363e-06	0.354622	6	5.2327e-11	2.2609e-10	0.53638	0.18176
chr2	70907394	70907807	1.2188e-05	0.321575	6	3.6436e-10	3.3783e-09	0.53391	0.21234
chr2	74515182	74516713	0.0048566	0.225981	9	6.095e-06	2.5507e-05	0.4482	0.22222
chr2	74648100	74648422	2.0172e-05	0.211161	8	6.8898e-12	6.608e-09	0.6601	0.44894
chr2	84290614	84290827	0.0039841	-0.229212	6	1.548e-06	1.2517e-05	0.71692	0.94613
chr2	85584169	85584540	0.0069166	0.188225	5	0.00013748	3.9794e-05	0.46963	0.2814
chr2	96527269	96527952	0.0018413	0.186347	6	9.1809e-07	3.3405e-06	0.29119	0.10484
chr2	97733900	97735540	0.016444	-0.121019	15	1.6371e-05	0.00014449	0.82598	0.947
chr2	105241498	105242627	0.0082841	-0.174138	14	3.0472e-08	4.9027e-05	0.69697	0.87111
chr2	106065375	106065876	0.013714	0.202041	7	1.0582e-06	9.3209e-05	0.34004	0.138
chr2	118224172	118225005	0.014261	0.245833	6	0.0012685	9.816e-05	0.37891	0.13308
chr2	118844636	118846394	0.010802	0.120764	14	2.7519e-06	6.4979e-05	0.3095	0.18873
chr2	118857920	118858667	0.036264	0.130668	5	0.00034382	0.00045742	0.27837	0.1477
chr2	130916198	130916629	0.00073764	0.224544	6	1.3057e-07	9.1611e-07	0.51415	0.2896
chr2	132670849	132671727	2.1315e-05	-0.166977	9	5.5079e-11	7.3662e-09	0.13018	0.29716
chr2	161426411	161427696	0.0016753	0.307877	10	9.2579e-10	2.8893e-06	0.52439	0.21651
chr2	170822241	170823082	0.00445	0.266477	5	1.7256e-05	2.2552e-05	0.41666	0.15019
chr2	172080330	172080656	0.0016753	0.297282	5	2.0954e-06	2.9128e-06	0.60745	0.31017
chr2	176067730	176068680	0.00010985	0.310098	6	2.7381e-10	6.7225e-08	0.47082	0.16072
chr2	176071363	176072215	1.8387e-05	0.314333	7	1.4797e-10	5.8909e-09	0.49384	0.1795
chr2	176083036	176084290	0.0062325	0.210571	14	3.769e-07	3.4364e-05	0.37147	0.1609
chr2	176099220	176099993	2.9786e-07	0.300036	10	5.1514e-14	3.6457e-11	0.49352	0.19349
chr2	176104016	176104496	0.0039841	0.189902	6	1.0541e-05	1.1737e-05	0.36119	0.17129
chr2	176108960	176109333	0.0065596	0.297624	5	9.2693e-06	3.6885e-05	0.45096	0.15333
chr2	176116109	176117615	0.0060443	0.254327	11	5.5994e-08	3.242e-05	0.46593	0.21161
chr2	176121732	176122878	0.0044997	0.221245	12	2.6332e-06	2.3001e-05	0.39814	0.17689
chr2	176128289	176128593	0.001876	0.279702	6	3.207e-06	3.4711e-06	0.44646	0.16676
chr2	176129414	176130037	0.0032227	0.247177	9	2.2935e-08	6.5779e-06	0.31592	0.068746
chr2	176147389	176147979	3.8318e-06	0.297337	7	3.7546e-12	7.6033e-10	0.57577	0.27843
chr2	176149739	176150398	9.4908e-08	0.29803	13	5.0959e-14	9.2247e-12	0.56273	0.2647
chr2	176151264	176152110	0.00033627	0.239628	7	1.2682e-10	3.009e-07	0.46096	0.22133
chr2	176152603	176153070	0.0039841	0.22655	6	3.7006e-06	9.2199e-06	0.471	0.24445
chr2	176162712	176163435	0.0060822	0.232986	7	6.2908e-06	3.2689e-05	0.44818	0.21519
chr2	176164731	176165501	5.7647e-06	0.27135	8	3.2865e-12	1.2562e-09	0.52536	0.25401
chr2	182866212	182867335	0.00067917	0.263863	11	1.6388e-08	7.8482e-07	0.3523	0.088437
chr2	199464763	199465150	0.020914	0.168398	7	0.00038059	0.00023986	0.33803	0.16963
chr2	222297947	222299091	0.00020556	0.235904	14	2.9507e-10	1.5095e-07	0.41882	0.18292
chr2	224401863	224402160	5.6821e-05	0.233443	7	7.7939e-10	2.4341e-08	0.46715	0.23371
chr2	236169277	236170091	0.046857	0.229122	7	0.00056585	0.00061921	0.30805	0.078923
chr2	237591150	237591747	0.0016683	-0.190514	5	1.4241e-06	2.8646e-06	0.32584	0.51635
chr2	239247140	239247585	3.9324e-05	-0.38096	6	1.9433e-09	1.5147e-08	0.54532	0.92629
chr2	239728031	239729010	0.00029196	-0.247909	6	4.1342e-08	2.3017e-07	0.51938	0.76729
chr2	240322841	240323651	0.021271	-0.207201	8	4.4338e-06	0.0002445	0.65219	0.85939
chr2	240519469	240520586	9.6752e-05	0.267717	8	1.1556e-08	5.5316e-08	0.65062	0.3829
chr2	241808830	241809611	6.212e-05	-0.191857	8	4.6258e-09	2.9773e-08	0.66138	0.85323
chr2	241859744	241860041	0.043151	-0.16334	6	1.9312e-05	0.00056745	0.3169	0.48024
chr2	242011334	242012280	0.033173	-0.220009	7	4.4695e-05	0.00039479	0.4921	0.71211
chr20	19886099	19886502	0.026471	0.101918	8	0.0014962	0.00031113	0.43757	0.33565
chr20	31440259	31440616	0.0043743	-0.297113	6	3.1306e-07	2.1919e-05	0.49197	0.78908
chr20	33193076	33193588	0.0058542	-0.18797	7	2.6783e-05	3.1253e-05	0.43711	0.62508
chr20	33282969	33283214	0.0044473	-0.193038	5	2.8983e-05	2.2413e-05	0.44709	0.64013
chr20	38723969	38724516	0.01836	0.12048	9	2.229e-05	0.00019775	0.17232	0.051836
chr20	46029157	46029310	0.016444	0.184965	5	0.00021881	0.0001452	0.30171	0.11674
chr20	57711615	57712143	0.040954	-0.128086	6	6.9787e-05	0.00053826	0.5951	0.72318
chr20	59190760	59191520	0.00057799	-0.318172	7	1.5094e-09	6.1587e-07	0.55318	0.87135
chr20	59300263	59300649	0.0398	0.125952	9	0.00031442	0.00051466	0.21872	0.092765
chr20	63736346	63736905	0.014815	-0.223984	8	5.624e-07	0.00010229	0.40749	0.63147
chr20	64106194	64106858	0.039429	-0.178716	6	0.0007906	0.00050829	0.60385	0.78257
chr20	64163988	64165065	0.006814	-0.24047	11	3.1931e-09	3.883e-05	0.55512	0.79559
chr21	36704409	36705672	8.9348e-05	0.316931	10	2.0834e-12	4.9211e-08	0.46367	0.14674
chr22	17199587	17199689	0.029804	0.181031	7	0.00011404	0.0003524	0.6425	0.46147
chr22	17477411	17477600	6.212e-05	0.397982	5	1.5036e-09	2.9333e-08	0.61342	0.21544
chr22	22559162	22559424	0.0069728	-0.153933	6	2.2042e-05	4.0212e-05	0.27004	0.42397
chr22	24426834	24427587	0.018634	-0.141334	10	5.6736e-05	0.00020536	0.59836	0.73969
chr22	30080109	30080464	0.032627	0.190016	8	0.00047768	0.00038747	0.48233	0.29231
chr22	30266885	30267328	0.00016246	-0.177771	8	2.8212e-08	1.0644e-07	0.41131	0.58908
chr22	37579934	37580186	0.0039841	-0.248138	5	5.3654e-06	1.1006e-05	0.40799	0.65613
chr22	44172507	44172933	0.032076	-0.152973	8	7.5767e-07	0.00038035	0.47277	0.62574
chr22	44180989	44181386	0.00048443	-0.214258	9	8.8472e-10	4.9526e-07	0.25042	0.46468
chr22	44312881	44313029	0.01898	-0.229099	5	6.6834e-05	0.00021372	0.5847	0.8138
chr22	46085723	46086144	0.0010727	0.148526	9	8.2532e-06	1.4695e-06	0.54619	0.39767
chr22	48980542	48981075	0.0017088	-0.327656	5	1.4241e-06	3.0094e-06	0.47715	0.8048
chr22	50044496	50045117	0.0039841	-0.242438	5	2.0954e-06	1.1489e-05	0.34863	0.59107
chr22	50578072	50578275	0.00070865	0.257062	6	1.3057e-07	8.5969e-07	0.69284	0.43577
chr3	5095864	5096486	0.0039841	0.218756	5	7.0637e-06	1.0735e-05	0.47143	0.25267
chr3	10108279	10108456	0.0017073	0.151709	6	1.369e-08	2.9848e-06	0.85452	0.70281
chr3	11136378	11137113	0.0034539	-0.235325	9	3.0816e-09	7.5619e-06	0.50155	0.73687
chr3	24495786	24495917	0.01098	-0.168863	6	3.1306e-07	6.6126e-05	0.12093	0.28979
chr3	27723741	27724056	0.0016753	0.301943	5	5.2538e-08	2.9099e-06	0.44787	0.14592
chr3	27724554	27724892	0.016444	0.15699	5	7.7362e-06	0.00014837	0.36095	0.20396
chr3	35679502	35679793	0.035832	-0.227303	5	0.001512	0.00044978	0.64445	0.87176
chr3	37993972	37994570	0.0013847	0.199903	7	2.1808e-08	2.0139e-06	0.47845	0.27854
chr3	50319740	50320214	0.0072986	0.166756	5	1.9036e-06	4.278e-05	0.76294	0.59618
chr3	50340557	50341181	5.7292e-05	0.287214	11	2.2131e-10	2.5467e-08	0.3431	0.055889
chr3	52998802	52999152	0.035231	-0.153869	5	0.00031916	0.00043323	0.77038	0.92425
chr3	62376985	62378716	0.0018651	0.19844	13	3.915e-07	3.4039e-06	0.42578	0.22734
chr3	69999226	69999776	0.0016372	-0.281158	6	1.5337e-07	2.7877e-06	0.59314	0.87429
chr3	79767644	79768184	0.0058359	0.155202	7	8.3295e-07	3.1134e-05	0.24275	0.087547
chr3	127337994	127338307	0.0039841	0.192109	5	8.5272e-05	1.1477e-05	0.48026	0.28816
chr3	128485970	128486432	0.016444	0.225723	5	1.1714e-06	0.00014736	0.53174	0.30601
chr3	129974527	129975215	0.0030841	0.292131	7	8.7787e-08	6.1088e-06	0.35949	0.067361
chr3	136818765	136820487	0.009384	0.148938	17	0.00010508	5.5941e-05	0.25156	0.10262
chr3	138009850	138010455	0.00027938	0.176909	12	3.4439e-10	2.1824e-07	0.75611	0.5792
chr3	138939401	138940180	0.0028619	0.198067	8	3.3571e-06	5.4293e-06	0.34174	0.14367
chr3	141797390	141797864	0.011384	0.16148	6	1.8071e-05	7.0165e-05	0.27618	0.1147
chr3	147388223	147389563	0.00095211	0.273708	8	3.1119e-10	1.2339e-06	0.4668	0.19309
chr3	147409792	147410371	0.0039841	0.24217	5	1.8918e-07	1.1704e-05	0.42792	0.18575
chr3	147424315	147424629	0.022877	0.169293	5	1.7256e-05	0.00026485	0.35023	0.18093
chr3	192727196	192727806	0.016444	0.13588	12	9.2206e-05	0.00014311	0.21367	0.077788
chr3	196338235	196338699	0.00089875	-0.189788	11	1.9846e-09	1.1615e-06	0.56638	0.75617
chr4	625373	626077	0.0086723	-0.196692	9	4.6668e-07	5.148e-05	0.56316	0.75985
chr4	818599	819097	0.016444	-0.251225	5	4.8919e-06	0.00014724	0.63309	0.88432
chr4	1002061	1002493	0.0040154	0.31131	5	1.5807e-05	1.856e-05	0.4314	0.12009
chr4	1623285	1624006	0.0068583	-0.202349	5	2.5363e-06	3.9206e-05	0.61304	0.81539
chr4	3473314	3473646	0.025543	-0.217535	6	1.8071e-05	0.00030003	0.60275	0.82029
chr4	7287755	7288132	0.0073461	-0.226221	5	0.0006157	4.3158e-05	0.47877	0.70499
chr4	8135269	8135429	0.035599	-0.131557	5	0.00081694	0.00044406	0.8164	0.94796
chr4	8586989	8587203	0.0039841	-0.24521	5	2.3302e-07	1.1886e-05	0.57928	0.82449
chr4	10461632	10462126	0.035042	0.158144	5	6.1576e-05	0.00042211	0.31421	0.15607
chr4	13530998	13531522	0.0039841	0.251848	5	8.7155e-07	9.1795e-06	0.34916	0.09731
chr4	40856948	40857328	0.014925	-0.144914	9	2.358e-07	0.0001031	0.15839	0.3033
chr4	41751015	41752109	0.016625	0.164729	9	2.8625e-05	0.00015459	0.26458	0.099852
chr4	41878302	41878971	0.029659	0.210715	6	5.2735e-06	0.0003501	0.5456	0.33488
chr4	41880563	41881148	0.00010494	0.245243	7	4.264e-08	6.0818e-08	0.39066	0.14542
chr4	46909195	46909534	0.016444	-0.193028	6	1.8071e-05	0.0001185	0.72076	0.91379
chr4	75555471	75556090	0.029845	-0.211423	6	0.00011398	0.00035326	0.53866	0.75008
chr4	80198024	80198320	0.035042	0.225071	5	0.00034382	0.00041756	0.45759	0.23252
chr4	80206665	80207692	0.018813	0.204878	6	5.2735e-06	0.00020961	0.70603	0.50115
chr4	84495712	84497664	1.2609e-05	0.240301	12	6.6819e-12	3.5405e-09	0.44833	0.20803
chr4	98929852	98930131	1.0338e-08	-0.193881	7	7.2609e-13	5.0008e-13	0.10435	0.29823
chr4	99651836	99652694	0.043912	-0.152407	6	3.7097e-05	0.00057793	0.74237	0.89477
chr4	103719040	103720392	0.02763	0.202617	13	4.7663e-06	0.00032515	0.38584	0.18323
chr4	110611840	110612796	0.003992	0.167603	9	1.1552e-05	1.7299e-05	0.41109	0.24348
chr4	110622860	110623308	0.0039841	0.215436	9	7.0578e-05	1.0864e-05	0.31671	0.10127
chr4	110628724	110629675	9.6462e-06	0.376281	7	1.7877e-12	2.5002e-09	0.53316	0.15688
chr4	110630486	110631198	0.002025	0.324549	6	4.4943e-08	3.7834e-06	0.45195	0.1274
chr4	110633810	110634348	0.00011163	0.324	5	1.1026e-08	6.8717e-08	0.4638	0.13981
chr4	110637832	110638200	0.01138	0.215221	5	0.00066116	6.9891e-05	0.39877	0.18355
chr4	112379290	112379666	0.0068941	0.148225	5	1.2918e-06	3.9608e-05	0.90584	0.75761
chr4	113292758	113293294	0.029804	0.212949	6	8.9334e-05	0.00035253	0.61968	0.40673
chr4	122826378	122826518	9.1354e-06	0.249479	5	1.6955e-09	2.3008e-09	0.64125	0.39177
chr4	153789201	153789810	0.0091782	0.182206	18	1.3879e-05	5.4648e-05	0.28724	0.10503
chr4	154740697	154743160	0.011027	0.186027	17	2.2658e-05	6.6462e-05	0.43616	0.25013
chr4	164977514	164977816	0.016873	0.202011	8	1.4293e-06	0.00016029	0.45384	0.25183
chr4	174217337	174218854	0.0020098	0.194123	10	3.4918e-06	3.7477e-06	0.30457	0.11044
chr4	185811683	185812275	0.0010716	-0.190864	9	6.7079e-09	1.4342e-06	0.30728	0.49814
chr4	187995514	187995714	0.0077748	0.244563	7	2.291e-05	4.5957e-05	0.37423	0.12967
chr5	600702	601454	0.00034657	-0.266633	8	1.653e-07	3.4123e-07	0.58007	0.8467
chr5	1794118	1794901	0.0039841	-0.259271	5	4.7775e-07	1.0733e-05	0.51024	0.76951
chr5	1859650	1860429	0.016507	-0.268706	7	2.0212e-06	0.00015129	0.56371	0.83242
chr5	2111756	2112448	0.0017924	-0.276155	8	2.3907e-08	3.2068e-06	0.61617	0.89232
chr5	2186257	2186891	0.0039841	-0.33897	5	7.1432e-07	1.1042e-05	0.52678	0.86576
chr5	2252764	2253129	0.0039841	-0.329861	5	2.3058e-06	9.0676e-06	0.49279	0.82265
chr5	2338451	2338987	0.0010716	-0.353489	5	7.8175e-09	1.4285e-06	0.39203	0.74552
chr5	2537096	2537793	0.030251	-0.225706	9	1.8178e-07	0.00035817	0.41795	0.64365
chr5	2702224	2703282	0.0047439	-0.356791	8	1.4257e-09	2.4813e-05	0.52785	0.88465
chr5	3285821	3286183	0.018921	-0.245397	6	4.7885e-05	0.00021211	0.57862	0.82401
chr5	3535722	3536423	0.016444	-0.191722	7	0.00027753	0.00014187	0.68674	0.87846
chr5	5033650	5034285	0.0039841	-0.33826	8	4.1188e-09	8.912e-06	0.48824	0.8265
chr5	5303182	5303452	0.0067955	-0.24766	5	1.0141e-05	3.87e-05	0.63465	0.88231
chr5	6411173	6411844	0.0039841	-0.233947	7	1.2644e-06	1.1167e-05	0.65911	0.89305
chr5	15927980	15928578	0.00020603	-0.284899	5	2.1e-07	1.535e-07	0.63453	0.91943
chr5	16179764	16180311	0.0060414	0.127247	11	1.5659e-05	3.2383e-05	0.17167	0.044424
chr5	35617585	35618282	1.2818e-05	-0.135828	12	5.5648e-12	3.6452e-09	0.10417	0.24
chr5	43017249	43018528	0.013298	0.164495	8	4.5047e-05	8.7509e-05	0.36916	0.20467
chr5	43037021	43037565	0.0039841	0.249064	6	5.657e-06	1.2852e-05	0.72793	0.47887
chr5	51377896	51378370	0.0072986	0.267158	5	0.00011741	4.2766e-05	0.50565	0.23849
chr5	51383079	51383316	0.0039841	0.124149	6	6.5057e-06	1.2788e-05	0.18728	0.063134
chr5	51399015	51399504	0.035042	0.198337	5	1.2124e-05	0.00042711	0.33393	0.1356
chr5	55220544	55221052	0.00014178	0.296615	7	1.2644e-06	9.0339e-08	0.49191	0.19529
chr5	55222308	55223859	5.7292e-05	0.261225	11	1.1381e-10	2.5305e-08	0.57607	0.31484
chr5	73230405	73231138	0.016444	0.294393	5	2.7888e-06	0.00013385	0.57248	0.27809
chr5	73299798	73300132	0.0015446	0.294747	5	1.1714e-06	2.5633e-06	0.4524	0.15765
chr5	73300874	73301490	0.010279	0.234312	8	1.2362e-06	6.1613e-05	0.44267	0.20835
chr5	77957720	77958167	1.7663e-05	0.300083	5	1.5036e-09	5.4682e-09	0.57067	0.27059
chr5	79069824	79070254	0.038003	0.21376	6	1.1284e-05	0.00048648	0.5586	0.34484
chr5	79689602	79689770	0.0050569	0.137901	9	0.025663	2.6685e-05	0.57928	0.44138
chr5	88678082	88678731	0.00017489	0.303076	10	1.0998e-10	1.2088e-07	0.4543	0.15123
chr5	88685065	88685633	0.04409	0.226285	6	1.2077e-05	0.00058043	0.34379	0.1175
chr5	112737651	112738347	6.9491e-11	0.39211	16	4.2966e-14	1.2508e-15	0.54514	0.15303
chr5	115816629	115817089	5.5138e-08	0.325404	9	6.4948e-14	3.7712e-12	0.40964	0.08424
chr5	115961791	115962383	0.044318	0.178024	6	6.9787e-05	0.0005839	0.41905	0.24102
chr5	128536234	128536637	0.00033675	0.19449	5	9.0175e-08	3.1757e-07	0.88467	0.69018
chr5	135027277	135028284	8.6065e-08	0.315487	9	5.8731e-14	6.8161e-12	0.53423	0.21874
chr5	135030472	135031705	0.0012894	0.238152	8	1.5134e-09	1.852e-06	0.4505	0.21235
chr5	136080259	136080925	0.0043068	-0.175075	12	0.0010561	2.1302e-05	0.32753	0.5026
chr5	140855850	140856023	0.00057992	0.297975	5	4.222e-08	6.3035e-07	0.57638	0.2784
chr5	140882068	140882226	0.00081538	0.294882	6	3.9561e-07	1.0361e-06	0.51776	0.22287
chr5	141100634	141101684	0.0032539	0.198703	9	3.9869e-08	6.6885e-06	0.72023	0.52152
chr5	141303900	141304206	0.0039841	0.157974	7	4.0109e-07	1.1395e-05	0.82251	0.66454
chr5	141355081	141355461	0.0071349	0.177216	5	9.2421e-05	4.1609e-05	0.41716	0.23994
chr5	141364241	141364883	0.013283	0.20726	7	1.5017e-05	8.5192e-05	0.52697	0.31971
chr5	141370168	141370594	0.0032636	0.249352	6	3.4454e-06	6.7202e-06	0.45411	0.20476
chr5	141412944	141413352	0.0087928	0.202086	7	9.7609e-06	5.2227e-05	0.38735	0.18526
chr5	141430484	141432076	2.9167e-07	0.273192	17	4.452e-14	3.4649e-11	0.51477	0.24158
chr5	146378816	146379319	0.0039841	0.145567	6	0.00048461	9.8543e-06	0.59251	0.44694
chr5	150166524	150166804	0.011225	-0.172904	5	0.00057316	6.8153e-05	0.65093	0.82384
chr5	154850581	154850879	0.0044747	0.256937	5	4.3165e-07	2.2747e-05	0.42711	0.17017
chr5	170105682	170106369	0.0003998	-0.163244	10	2.0358e-06	4.0298e-07	0.47324	0.63648
chr5	171308750	171309569	0.00033627	0.242244	11	4.2662e-09	3.1044e-07	0.38263	0.14039
chr5	172748318	172748853	0.016444	0.257643	5	1.2918e-06	0.00014434	0.72201	0.46437
chr5	178940826	178941620	0.00069498	0.186001	10	4.5824e-08	8.1006e-07	0.31935	0.13335
chr5	178995070	178995415	0.0018758	0.2196	6	1.4376e-06	3.4579e-06	0.33263	0.11303
chr5	179559130	179559906	0.00042815	0.212176	9	7.9929e-10	4.331e-07	0.33081	0.11864
chr5	180216370	180216825	0.0072221	-0.204735	5	1.4475e-05	4.2199e-05	0.70384	0.90857
chr6	1624485	1625340	0.0019872	0.318655	6	1.3348e-06	3.6912e-06	0.40674	0.08809
chr6	1635343	1635613	9.3056e-05	0.228597	6	5.2249e-09	5.2258e-08	0.83442	0.60582
chr6	10382505	10382932	0.00010984	0.360298	6	6.812e-09	6.6474e-08	0.49743	0.13714
chr6	10384893	10385928	8.0768e-07	0.354356	9	4.825e-13	1.2212e-10	0.50565	0.15129
chr6	10389806	10391180	1.2337e-07	0.376685	9	5.3957e-13	1.2879e-11	0.54697	0.17029
chr6	10420463	10420837	0.012914	0.206455	5	5.2213e-05	8.103e-05	0.43611	0.22965
chr6	10421139	10422404	5.4631e-07	0.281594	9	1.8463e-11	7.3153e-11	0.42911	0.14752
chr6	10555575	10556291	0.035042	0.167255	5	0.00016074	0.00042551	0.61077	0.44352
chr6	10881549	10882104	0.00010778	0.300414	11	4.9365e-11	6.3208e-08	0.44908	0.14867
chr6	13273919	13274123	9.1354e-06	-0.398095	5	1.9112e-09	2.302e-09	0.27401	0.67211
chr6	26043592	26044233	0.021095	0.231105	7	5.629e-06	0.00024209	0.2764	0.045298
chr6	26183280	26183810	3.1118e-08	0.348826	9	4.341e-14	1.9043e-12	0.4329	0.084075
chr6	26240291	26240712	0.001362	0.339042	6	6.812e-09	1.969e-06	0.43344	0.094401
chr6	26271359	26271600	5.7292e-05	0.292294	5	6.9657e-09	2.5347e-08	0.37432	0.08203
chr6	27290687	27291459	0.010016	0.222009	10	1.3365e-07	5.9922e-05	0.49468	0.27267
chr6	27557934	27558478	0.0039841	0.253271	5	5.2213e-05	1.1694e-05	0.38868	0.13541
chr6	27679934	27680827	9.1354e-06	0.346199	9	9.9443e-13	2.2281e-09	0.50887	0.16267
chr6	27873179	27874321	0.00051632	0.121546	14	1.0986e-05	5.305e-07	0.28078	0.15924
chr6	28091011	28091431	5.4631e-07	0.254564	8	2.5103e-12	7.4731e-11	0.65245	0.39788
chr6	28207505	28208453	0.02517	0.189523	10	1.1264e-05	0.00029557	0.32813	0.13861
chr6	28259290	28259350	0.00014291	0.349881	6	2.5516e-09	9.1575e-08	0.54847	0.19859
chr6	28510180	28510803	0.019364	-0.145133	7	6.2908e-06	0.0002193	0.71518	0.86031
chr6	28513883	28514891	0.016444	-0.152436	8	3.3571e-06	0.00014096	0.70837	0.8608
chr6	28526277	28527087	0.0013682	-0.206821	6	4.6192e-07	1.9849e-06	0.68935	0.89617
chr6	28589988	28590294	0.03895	0.201158	9	3.5384e-05	0.00050037	0.51701	0.31585
chr6	28616194	28616688	3.93e-05	0.183349	15	5.2736e-14	1.4855e-08	0.60755	0.4242
chr6	28977405	28977565	0.0015437	0.269997	5	3.1767e-07	2.5472e-06	0.58993	0.31994
chr6	29426877	29428174	0.021525	-0.207551	11	0.00012557	0.00024804	0.64769	0.85524
chr6	29440057	29440520	0.0039976	-0.186795	7	8.2866e-06	1.7731e-05	0.61052	0.79731
chr6	29555815	29556341	0.0069166	-0.175336	8	2.1984e-06	3.9813e-05	0.68084	0.85617
chr6	29680623	29681308	0.0016753	0.210948	13	9.316e-10	2.9036e-06	0.80867	0.59772
chr6	29975432	29975901	0.0001854	0.294376	10	2.9587e-10	1.3148e-07	0.40658	0.1122
chr6	30071353	30071604	0.00084325	0.26647	8	2.9521e-11	1.0776e-06	0.58677	0.3203
chr6	30071626	30072025	0.016444	0.130108	11	3.8724e-06	0.00011794	0.67282	0.54271
chr6	30127203	30128026	1.044e-07	0.253634	26	4.1633e-14	1.0523e-11	0.5361	0.28247
chr6	30162332	30164939	8.6485e-10	-0.215374	36	4.4742e-14	2.1793e-14	0.58259	0.79797
chr6	30171644	30172455	0.00011932	0.182215	20	1.4717e-11	7.5169e-08	0.31092	0.12871
chr6	30882628	30883293	0.027019	-0.125889	10	1.1627e-05	0.00031766	0.38346	0.50935
chr6	31120411	31120658	0.033485	-0.163518	5	6.6834e-05	0.00039874	0.58585	0.74937
chr6	31180555	31180890	4.6387e-09	0.1884	15	4.7851e-14	1.6699e-13	0.7114	0.523
chr6	31571762	31572974	0.0017088	-0.142729	21	6.0464e-09	3.0142e-06	0.6824	0.82513
chr6	31575392	31575910	0.0042472	-0.160674	12	2.1847e-09	2.0839e-05	0.37933	0.54
chr6	31728446	31728953	7.9426e-07	0.203585	17	5.0626e-14	1.1723e-10	0.80421	0.60062
chr6	31766370	31766804	0.000348	0.219257	10	1.9817e-11	3.4504e-07	0.67446	0.4552
chr6	31775992	31776622	0.0012208	-0.177159	14	2.9055e-08	1.7447e-06	0.64622	0.82338
chr6	31776747	31777055	0.0040037	-0.106941	8	1.653e-07	1.7864e-05	0.19568	0.30262
chr6	31779018	31779056	0.016444	-0.175052	5	0.00012707	0.00014872	0.74144	0.91649
chr6	31792852	31793049	0.0068941	-0.139059	5	3.1559e-05	3.9609e-05	0.61477	0.75383
chr6	31794576	31794874	0.0039841	-0.131938	8	1.4999e-06	1.1014e-05	0.18061	0.31255
chr6	31970967	31971309	0.013911	-0.191928	12	1.6781e-08	9.5369e-05	0.59753	0.78946
chr6	32048459	32048650	0.021217	-0.137859	7	4.4695e-05	0.00024364	0.30593	0.44379
chr6	32068755	32069877	0.00059823	-0.14993	22	9.3455e-12	6.7669e-07	0.72524	0.87517
chr6	32086664	32087292	0.0039841	-0.224665	10	9.6671e-10	1.0335e-05	0.44629	0.67096
chr6	32095662	32096125	7.6536e-06	-0.272558	13	6.1173e-14	1.7358e-09	0.48311	0.75567
chr6	32096369	32097009	5.7292e-05	-0.134847	26	5.5174e-11	2.5891e-08	0.31475	0.4496
chr6	32148761	32149949	0.0043449	0.179647	27	5.591e-08	2.1732e-05	0.58362	0.40398
chr6	32151839	32152168	9.2026e-06	0.344152	8	2.1613e-09	2.3521e-09	0.53336	0.18921
chr6	32166971	32167620	0.00032068	-0.184679	23	6.8843e-10	2.7936e-07	0.69384	0.87852
chr6	32167938	32168027	0.035042	0.112202	5	5.6712e-05	0.00042139	0.8237	0.7115
chr6	32183569	32183955	8.7874e-05	0.149639	7	3.9214e-11	4.8082e-08	0.83738	0.68774
chr6	32196726	32197040	0.035947	0.145247	9	2.807e-06	0.00045162	0.30241	0.15717
chr6	32198100	32198430	0.036556	-0.197931	5	0.00081694	0.00046441	0.6148	0.81273
chr6	32204009	32205095	0.00067755	-0.19553	13	3.697e-09	7.805e-07	0.5765	0.77203
chr6	32219452	32221834	0.0039841	-0.148452	18	7.5102e-09	1.5839e-05	0.5918	0.74025
chr6	32442470	32442683	0.038036	-0.264176	6	4.9149e-06	0.00048717	0.60345	0.86763
chr6	32879750	32880069	7.7122e-05	0.131272	15	1.7662e-10	3.7757e-08	0.7548	0.62353
chr6	33006702	33008355	1.1148e-08	-0.19412	29	4.6851e-14	6.0195e-13	0.6781	0.87222
chr6	33010206	33010999	0.0039841	-0.206384	16	1.8294e-08	1.3002e-05	0.68895	0.89534
chr6	33080309	33080984	6.9491e-11	0.279438	17	4.3965e-14	1.0851e-15	0.68274	0.4033
chr6	33123790	33125026	1.1558e-05	-0.312106	10	1.3799e-10	3.0605e-09	0.59046	0.90256
chr6	33163783	33166549	0.000114	-0.138234	36	1.1258e-13	7.0588e-08	0.57483	0.71306
chr6	33167492	33168735	0.0074814	-0.108351	13	3.1297e-08	4.4141e-05	0.72705	0.83541
chr6	33172619	33173529	0.016444	-0.183053	10	2.2591e-08	0.00012792	0.49607	0.67912
chr6	33193499	33193560	0.018356	0.263183	6	6.1604e-05	0.00019749	0.40951	0.14632
chr6	33900410	33900690	0.032977	-0.155054	7	3.3912e-06	0.00039234	0.70006	0.85511
chr6	33975743	33976153	0.0001854	0.277261	5	2.3058e-06	1.3095e-07	0.51099	0.23373
chr6	34028162	34028427	0.003056	-0.236348	5	2.7888e-06	6.0243e-06	0.59539	0.83174
chr6	34133624	34134009	0.036442	-0.171177	5	0.00014868	0.00046134	0.61942	0.79059
chr6	41560607	41561048	0.013241	0.187907	7	3.0256e-06	8.327e-05	0.54322	0.35532
chr6	50836107	50836462	0.018756	0.210778	6	0.0026888	0.00020836	0.43318	0.2224
chr6	50842719	50843281	0.0073968	0.27572	5	6.1576e-05	4.3563e-05	0.45352	0.1778
chr6	50845628	50846593	0.0091287	0.24689	7	1.4237e-05	5.4321e-05	0.43086	0.18397
chr6	53665705	53665831	2.0883e-05	0.198289	6	4.7383e-11	7.1415e-09	0.73072	0.53243
chr6	75493814	75493960	0.028574	0.18804	6	2.2042e-05	0.00033666	0.48895	0.30091
chr6	77466756	77467131	0.0015908	0.206654	6	8.5825e-06	2.68e-06	0.31899	0.11234
chr6	83524198	83524745	0.0039841	-0.176159	8	3.5172e-06	1.484e-05	0.75179	0.92795
chr6	100447174	100448180	0.00010127	0.332155	8	8.8442e-11	5.8328e-08	0.51702	0.18486
chr6	100448516	100449570	8.4151e-07	0.317821	7	7.8659e-13	1.3026e-10	0.54503	0.22721
chr6	100463364	100464293	1.6286e-09	0.340194	13	4.5075e-14	4.6901e-14	0.53438	0.19419
chr6	100464946	100465375	1.9975e-07	0.338035	6	2.8764e-11	2.1572e-11	0.46819	0.13016
chr6	100466604	100467930	0.00018161	0.271489	10	4.8123e-10	1.2618e-07	0.41991	0.14842
chr6	100469083	100469552	0.00023668	0.344635	6	3.6575e-09	1.7892e-07	0.55501	0.21038
chr6	101398774	101399831	1.0842e-15	0.270814	18	4.2966e-14	7.8059e-21	0.42023	0.14941
chr6	105985917	105986480	0.0015802	0.299908	5	5.8575e-08	2.6565e-06	0.53596	0.23605
chr6	105993566	105993744	0.0030281	0.242888	5	4.3165e-07	5.8645e-06	0.68306	0.44017
chr6	108164633	108166303	0.025156	0.188789	15	0.00012517	0.0002953	0.31194	0.12315
chr6	108171067	108171566	0.00080973	0.308027	6	2.4934e-08	1.026e-06	0.56681	0.25878
chr6	110476273	110476820	3.8318e-06	0.373163	5	1.5036e-09	7.7246e-10	0.46814	0.094978
chr6	111567243	111567481	5.7292e-05	0.323856	5	3.0745e-09	2.5927e-08	0.55104	0.22719
chr6	112053983	112054131	0.016444	-0.189652	5	4.8054e-05	0.00014858	0.56873	0.75838
chr6	117481238	117481624	0.00445	0.227465	5	3.6996e-06	2.2512e-05	0.63209	0.40463
chr6	133889529	133890080	0.0070873	0.235138	5	7.1432e-07	4.1207e-05	0.41111	0.17597
chr6	134170005	134170394	0.003041	0.175608	5	6.5282e-08	5.9388e-06	0.86828	0.69268
chr6	138545728	138545989	0.00011743	0.267403	7	9.2355e-12	7.3133e-08	0.71884	0.45143
chr6	142088065	142089099	0.009802	0.143672	14	9.422e-05	5.8539e-05	0.3209	0.17723
chr6	146543142	146543255	0.0030281	-0.17002	5	3.8986e-07	5.8354e-06	0.27171	0.44173
chr6	149484859	149485597	0.00027374	-0.22822	10	2.0773e-11	2.1187e-07	0.19889	0.42711
chr6	163240170	163240743	0.0032156	-0.182715	6	1.4376e-06	6.5291e-06	0.75445	0.93716
chr6	165726417	165727219	0.0039841	-0.162647	8	3.0688e-07	1.3972e-05	0.77802	0.94067
chr6	166849537	166849967	0.0013252	-0.198129	6	9.6735e-09	1.9082e-06	0.71738	0.91551
chr6	167093959	167094739	0.019034	-0.14649	10	3.0992e-08	0.00021454	0.41145	0.55794
chr6	167122568	167122697	0.0072986	-0.186032	5	3.0654e-06	4.2808e-05	0.58503	0.77106
chr6	167678092	167678748	0.018464	-0.102806	6	0.00048461	0.00020279	0.22896	0.33176
chr6	167976772	167977065	0.00018305	-0.235532	6	6.2816e-07	1.2849e-07	0.73418	0.96972
chr6	167987605	167987979	0.0072221	-0.222763	5	9.6218e-07	4.2221e-05	0.70921	0.93197
chr6	168456862	168457640	0.036318	-0.220146	5	0.00034382	0.0004589	0.63171	0.85185
chr7	181842	182370	0.0039841	-0.214754	5	5.2538e-08	1.1817e-05	0.69853	0.91328
chr7	572821	573586	0.016444	-0.233713	6	2.3542e-05	0.00012199	0.66784	0.90155
chr7	920122	920892	0.040289	-0.246058	8	4.8926e-05	0.00052624	0.62962	0.87568
chr7	1077782	1078281	0.013764	0.153845	6	4.5798e-06	9.3794e-05	0.86178	0.70794
chr7	1311903	1312367	0.0039841	-0.226452	8	5.3279e-06	1.1884e-05	0.67439	0.90084
chr7	1330467	1331092	0.0039841	-0.247742	5	1.9036e-06	1.125e-05	0.63399	0.88173
chr7	1542952	1543494	0.036559	-0.15881	5	0.0010062	0.00046457	0.72174	0.88055
chr7	1556414	1556625	0.035042	-0.214196	5	1.4475e-05	0.00041958	0.23106	0.44526
chr7	1567510	1568233	0.0039841	-0.267341	7	1.6615e-08	1.0844e-05	0.53402	0.80136
chr7	1620678	1621260	0.016444	-0.252735	5	1.4475e-05	0.0001453	0.65922	0.91196
chr7	1694340	1694690	0.012201	-0.158729	5	2.7888e-06	7.6248e-05	0.43421	0.59294
chr7	1708445	1709215	0.0017073	-0.214513	11	6.3312e-09	2.9887e-06	0.61193	0.82645
chr7	1753142	1753605	0.00034129	-0.318509	8	2.1613e-09	3.2929e-07	0.40477	0.72328
chr7	2517328	2518082	0.014427	-0.102916	9	3.185e-07	9.9354e-05	0.65348	0.75639
chr7	2607148	2607781	0.016444	0.119695	5	7.2514e-05	0.00014354	0.72065	0.60096
chr7	4171351	4172376	0.031547	-0.131234	8	0.003775	0.00037363	0.77797	0.9092
chr7	4203137	4204103	0.020511	-0.196447	8	1.9991e-06	0.00023472	0.69382	0.89027
chr7	4711980	4712540	1.4857e-05	-0.354938	7	2.728e-10	4.2786e-09	0.48611	0.84105
chr7	4747137	4747356	0.016444	0.216696	5	2.5363e-06	0.00014336	0.8953	0.6786
chr7	8442364	8443248	0.013415	0.178556	7	1.6703e-05	9.013e-05	0.32294	0.14439
chr7	19118190	19119332	0.00072521	0.200794	19	7.8509e-09	8.9283e-07	0.33463	0.13384
chr7	19145327	19145785	0.046046	0.259137	7	8.2866e-06	0.00060783	0.36409	0.10495
chr7	19772704	19773677	0.016498	0.215414	13	3.4063e-06	0.0001502	0.32685	0.11143
chr7	20779105	20779309	0.0029724	0.281966	5	2.3302e-07	5.6516e-06	0.56265	0.28068
chr7	24283509	24284321	0.0083529	0.216635	10	0.00033735	4.9494e-05	0.29794	0.081305
chr7	27101178	27101770	0.00010984	0.258979	6	6.2816e-07	6.6823e-08	0.64733	0.38835
chr7	27102581	27104188	0.0039598	0.133541	26	5.2868e-08	8.7951e-06	0.39625	0.26271
chr7	27106353	27106827	3.6409e-05	0.331767	5	1.6955e-09	1.3396e-08	0.7141	0.38233
chr7	27128990	27129590	0.0065299	0.189437	6	6.5057e-06	3.6608e-05	0.6768	0.48737
chr7	27130121	27131433	0.0014277	0.10873	18	7.0665e-06	2.0997e-06	0.40813	0.2994
chr7	27131535	27131910	0.0039841	0.176749	6	3.4454e-06	1.1462e-05	0.73218	0.55543
chr7	27139242	27139814	0.00034129	0.304574	5	8.7702e-09	3.3127e-07	0.70857	0.40399
chr7	27143514	27145894	4.0557000000000004e-19	0.219473	50	4.5186e-14	1.4599999999999999e-24	0.58123	0.36176
chr7	27157620	27158811	0.0012869	0.199369	11	1.66e-07	1.8439e-06	0.59676	0.39739
chr7	27165044	27166040	0.0039841	0.224585	16	2.0657e-09	1.1244e-05	0.35125	0.12667
chr7	27169266	27170210	1.2188e-05	0.256727	14	1.2064e-12	3.3456e-09	0.42586	0.16913
chr7	27173991	27174765	0.048755	0.157432	11	0.00013506	0.00064501	0.30436	0.14692
chr7	27185504	27186711	1.2085e-13	0.310352	22	4.4409e-14	1.3052e-18	0.504	0.19365
chr7	27193218	27193862	0.0018758	0.347922	6	8.5134e-07	3.464e-06	0.5594	0.21148
chr7	27225385	27225904	3.9089e-06	0.351154	5	1.6955e-09	8.0208e-10	0.54479	0.19364
chr7	27241295	27242826	5.1687e-09	0.28495	22	4.0856e-14	2.0467e-13	0.50862	0.22367
chr7	29566192	29566734	0.022134	0.202707	5	3.4353e-05	0.00025577	0.35152	0.14881
chr7	30911766	30912095	0.0017382	0.196949	7	9.9691e-07	3.0722e-06	0.41565	0.2187
chr7	39609625	39609845	0.00020097	0.414156	5	3.4594e-09	1.4501e-07	0.52269	0.10853
chr7	47655097	47655260	0.012242	-0.106582	5	2.6607e-05	7.6592e-05	0.7712	0.87778
chr7	53035521	53035884	0.016444	-0.165964	6	1.4376e-06	0.00012364	0.77335	0.93931
chr7	57179912	57180312	0.016444	-0.240413	5	8.4697e-06	0.00014869	0.65096	0.89137
chr7	74480400	74480949	0.0043088	0.206917	6	3.4785e-05	2.1335e-05	0.43843	0.23151
chr7	79454092	79454812	3.9324e-05	0.261152	14	8.0369e-13	1.5019e-08	0.40682	0.14566
chr7	87600236	87601029	0.016839	0.134974	8	9.7346e-05	0.00015918	0.22153	0.086553
chr7	96996643	96997879	0.0085746	0.18235	7	1.8568e-05	5.0839e-05	0.32588	0.14353
chr7	97001777	97002591	0.0065164	0.275485	5	1.883e-05	3.6454e-05	0.60903	0.33355
chr7	97002982	97004415	0.00069861	0.216299	9	4.7923e-10	8.3242e-07	0.44864	0.23234
chr7	97017709	97018172	0.029785	0.236621	6	7.4755e-06	0.00035201	0.44221	0.20559
chr7	97020644	97021357	0.00024643	0.331167	8	1.0046e-10	1.8984e-07	0.55728	0.22611
chr7	97022603	97023170	0.0019922	0.271214	9	1.247e-08	3.7077e-06	0.44399	0.17278
chr7	97025470	97025794	0.0036467	0.249253	7	1.123e-06	8.0472e-06	0.43702	0.18776
chr7	97026132	97026670	0.003992	0.233375	6	1.2923e-05	1.7284e-05	0.4806	0.24722
chr7	100477681	100477884	0.036448	0.267783	5	0.00010013	0.00046172	0.31011	0.042329
chr7	117479328	117479584	0.0067782	0.326593	6	3.7006e-06	3.8431e-05	0.44831	0.12172
chr7	128032099	128032606	0.027985	0.198382	7	3.1273e-05	0.00032952	0.23422	0.035841
chr7	128240879	128241292	0.0039841	0.202905	6	2.2042e-05	1.2591e-05	0.47714	0.27423
chr7	129169259	129169602	0.0073975	0.262395	5	4.4586e-06	4.3593e-05	0.38293	0.12053
chr7	129785490	129786093	0.0008209	0.23701	6	3.207e-06	1.0461e-06	0.33302	0.096014
chr7	130485670	130485971	0.00051632	-0.254664	6	1.5337e-07	5.3158e-07	0.58517	0.83983
chr7	130490105	130490641	0.0078016	0.151206	11	1.3224e-07	4.6143e-05	0.82598	0.67478
chr7	130492358	130492613	0.032405	0.139933	11	1.829e-07	0.00038449	0.61737	0.47744
chr7	135748605	135749043	0.016924	-0.134125	8	0.00053201	0.00016121	0.50723	0.64136
chr7	142939026	142939422	0.021768	-0.189404	5	3.0654e-06	0.00025106	0.69338	0.88278
chr7	150322866	150323048	0.016444	-0.112417	5	2.7888e-06	0.00013414	0.2847	0.39712
chr7	151187342	151188568	0.0086528	-0.15683	12	3.5584e-07	5.1333e-05	0.52666	0.68349
chr7	153887331	153887789	0.00056488	0.245052	7	4.5564e-08	5.9662e-07	0.3498	0.10475
chr7	155493965	155494679	0.035042	-0.167975	5	7.7362e-06	0.00042063	0.70503	0.873
chr7	157003073	157003452	0.0044685	0.242154	5	1.4475e-05	2.2697e-05	0.40115	0.159
chr7	157004273	157004697	0.007398	0.247635	5	1.4241e-06	4.3622e-05	0.46363	0.216
chr7	157017813	157018729	0.00034129	0.24185	7	4.1296e-09	3.3173e-07	0.40364	0.16179
chr7	157020112	157020909	6.212e-05	0.269716	8	1.5307e-11	2.9813e-08	0.45463	0.18491
chr7	157527394	157527969	0.003712	-0.293912	7	2.2696e-06	8.2046e-06	0.51551	0.80942
chr7	157539682	157540317	0.035042	-0.322875	5	1.7287e-06	0.00042643	0.6243	0.94717
chr7	157540711	157541469	0.029739	-0.254003	6	2.8643e-05	0.00035134	0.58448	0.83848
chr7	157552396	157553134	0.0039841	-0.335462	7	2.2696e-06	1.1414e-05	0.50071	0.83617
chr7	157560284	157560498	0.012925	-0.30697	5	8.5272e-05	8.1144e-05	0.62373	0.9307
chr7	157574241	157574468	0.00020355	-0.385838	5	9.8355e-09	1.4801e-07	0.45375	0.83958
chr7	157609571	157609982	0.00010778	-0.325525	5	1.55e-08	6.3243e-08	0.59378	0.9193
chr7	157619936	157620596	0.018921	-0.282924	7	8.3295e-07	0.00021183	0.55844	0.84137
chr7	157658551	157659215	0.029398	-0.288093	6	8.0107e-06	0.0003468	0.52311	0.8112
chr7	157675191	157675752	0.010031	-0.238452	6	9.1932e-06	6.0089e-05	0.56181	0.80026
chr7	157700753	157701332	0.0063134	-0.236315	6	6.1604e-05	3.5e-05	0.47664	0.71295
chr7	157775203	157775701	0.00031862	-0.279357	6	2.4934e-08	2.7239e-07	0.61497	0.89432
chr7	157898485	157898993	0.0039841	-0.288669	5	5.3654e-06	1.1759e-05	0.52213	0.8108
chr7	157917157	157917863	0.011545	-0.319208	6	8.5134e-07	7.1967e-05	0.59333	0.91254
chr7	158140229	158140663	0.00061271	-0.326672	5	4.3165e-07	7.0082e-07	0.59313	0.91981
chr7	158189157	158189898	0.003992	-0.235571	7	2.1497e-07	1.7532e-05	0.61133	0.8469
chr8	578084	578474	0.016444	-0.168817	5	0.00025475	0.00013816	0.73064	0.89946
chr8	836658	837147	0.00098769	-0.267077	5	1.7351e-08	1.2835e-06	0.65367	0.92074
chr8	904690	905043	0.0073968	-0.234505	5	1.2415e-07	4.3548e-05	0.6481	0.8826
chr8	1416261	1416524	0.0010727	-0.304487	5	9.6218e-07	1.4738e-06	0.58965	0.89414
chr8	1546859	1547167	0.0016571	-0.308619	5	1.2918e-06	2.8334e-06	0.53657	0.84519
chr8	1640193	1641200	0.046651	-0.189314	7	0.00013165	0.00061632	0.70071	0.89002
chr8	10611800	10612287	0.012581	-0.16298	5	4.7775e-07	7.8761e-05	0.7577	0.92068
chr8	10729280	10729546	0.00061449	0.219296	5	1.0035e-07	7.0565e-07	0.49797	0.27867
chr8	19602586	19602733	3.5426e-05	0.383566	5	1.6955e-09	1.288e-08	0.79732	0.41375
chr8	23706346	23706782	4.0323e-07	0.301477	9	2.2315e-13	5.0805e-11	0.37303	0.071555
chr8	26864979	26865449	0.022886	0.206432	5	9.2693e-06	0.00026504	0.43163	0.2252
chr8	39107495	39107734	0.0039841	0.286392	5	4.0659e-05	1.1343e-05	0.43311	0.14672
chr8	39314503	39314602	0.0039841	0.327019	5	1.5337e-07	1.177e-05	0.62725	0.30023
chr8	43292296	43292460	0.00056567	-0.260063	5	5.3654e-06	6.0072e-07	0.65094	0.911
chr8	57278827	57279507	0.019994	-0.16416	8	3.204e-06	0.00022765	0.74728	0.91144
chr8	64378730	64379942	0.00014362	0.22092	14	6.9161e-10	9.2545e-08	0.38673	0.16581
chr8	64585883	64586813	0.003847	0.226566	8	3.0925e-05	8.5168e-06	0.49303	0.26646
chr8	66432318	66432772	4.2244e-05	0.373732	9	3.0284e-11	1.6728e-08	0.4342	0.060472
chr8	70034656	70035206	0.00061271	0.265885	5	1.5807e-05	6.9923e-07	0.36347	0.097586
chr8	70070632	70071526	0.013605	0.211272	10	1.86e-05	9.222e-05	0.34469	0.13342
chr8	71844421	71844770	0.044318	0.102705	8	0.0012662	0.00058382	0.22077	0.11806
chr8	85438339	85438839	0.016938	0.178835	8	1.5567e-05	0.00016189	0.26218	0.083349
chr8	98938689	98939503	0.0039841	0.356679	5	1.1164e-07	1.1429e-05	0.57775	0.22107
chr8	98948270	98950120	1.1249e-06	0.304775	13	3.1231e-13	1.8627e-10	0.57893	0.27415
chr8	100105855	100106321	0.0016753	0.337878	5	1.109e-05	2.9046e-06	0.45758	0.1197
chr8	104466455	104467091	0.0008009	0.317621	6	2.234e-06	1.0091e-06	0.41332	0.095698
chr8	132561492	132561827	0.00052124	-0.379559	5	2.7145e-08	5.3853e-07	0.4235	0.80306
chr8	140589042	140589338	0.00058571	-0.30284	5	3.3879e-08	6.5216e-07	0.25218	0.55502
chr8	141507086	141507454	0.0039841	-0.289356	6	1.239e-06	1.0049e-05	0.43165	0.72101
chr8	142454076	142454531	0.0070981	-0.281611	5	1.109e-05	4.1369e-05	0.46064	0.74225
chr8	142742316	142742584	0.0039841	-0.207097	5	4.8054e-05	1.0502e-05	0.53274	0.73983
chr8	142834360	142834962	0.0030281	-0.192959	9	7.0919e-07	5.8272e-06	0.68188	0.87484
chr8	143131758	143132176	0.00020439	-0.301192	5	7.8918e-07	1.4936e-07	0.5468	0.84799
chrX	22999539	23000014	0.01656	-0.179913	9	4.0705e-05	0.00015202	0.68624	0.86616
chrX	27463032	27463442	0.029659	-0.264098	6	8.0107e-06	0.0003502	0.60413	0.86823
chrX	101098042	101098474	0.018921	-0.18847	6	0.0010856	0.00021219	0.14754	0.33601
chrX	101622948	101624180	0.031842	-0.119682	14	4.1156e-05	0.00037746	0.10641	0.22609
chrX	116462885	116463040	0.0069744	-0.276836	5	8.7155e-07	4.0327e-05	0.63312	0.90996
chrX	119871450	119872160	0.023706	-0.126535	14	2.9141e-05	0.00027811	0.13942	0.26595
chrX	129654936	129655413	0.046332	-0.14407	7	0.00098499	0.00061195	0.16748	0.31154
chrX	134545964	134546945	2.071e-06	0.162885	13	7.7827e-14	3.8021e-10	0.89669	0.73381
